0.4270270278324952
0.4756756776087993
0.4756756776087993
0.4756756776087993
0.4756756776087993
0.4756756776087993
0.4756756776087993
0.4756756776087993
0.4810810830142047
0.4918918938250155
0.4864864884196101
0.4918918938250155
0.49729729923042093
0.4918918938250155
0.4918918938250155
0.5027027035081709
0.5189189185967317
0.5189189185967317
0.5189189185967317
0.5297297294075425
0.524324324002137
0.5297297294075425
0.524324324002137
0.524324324002137
0.5297297294075425
0.5297297294075425
0.5351351348129478
0.5351351348129478
0.5351351348129478
0.5351351348129478
0.5351351348129478
0.5351351348129478
0.5351351348129478
0.5351351348129478
0.5351351348129478
0.5351351348129478
0.5351351348129478
0.5351351348129478
0.5351351348129478
0.5405405402183533
0.5405405402183533
0.5405405402183533
0.5405405402183533
0.5405405402183533
0.5405405402183533
0.5405405402183533
0.5405405402183533
0.5405405402183533
0.5405405402183533
0.5405405402183533
0.5405405402183533
0.5405405402183533
0.5405405402183533
0.5405405402183533
0.5405405402183533
0.5405405402183533
0.5351351348129478
0.5405405402183533
0.5405405402183533
0.5405405402183533
0.5405405402183533
0.5351351348129478
0.5351351348129478
0.5351351348129478
0.5351351348129478
0.5405405402183533
0.5405405402183533
0.5405405402183533
0.5405405402183533
0.5405405402183533
0.5405405402183533
0.5405405402183533
0.5405405402183533
0.5405405402183533
0.5405405402183533
0.5459459456237586
0.5459459456237586
0.5459459456237586
0.5459459456237586
0.5459459456237586
0.5459459456237586
0.5459459456237586
0.5459459456237586
0.5459459456237586
0.5405405402183533
0.5405405402183533
0.5405405402183533
0.5405405402183533
0.5405405402183533
0.5405405402183533
0.5405405402183533
0.5405405402183533
0.5405405402183533
0.5405405402183533
0.5405405402183533
0.5405405402183533
0.5459459456237586
0.5405405402183533
0.5405405402183533
0.5405405402183533
0.5405405402183533
