0.5999999974225019
0.5027027046358263
0.5027027046358263
0.5027027046358263
0.5027027046358263
0.524324326257448
0.524324326257448
0.5297297316628533
0.5297297316628533
0.5297297316628533
0.5297297316628533
0.5297297316628533
0.5297297316628533
0.5297297316628533
0.5297297316628533
0.5297297316628533
0.5513513521568195
0.5513513521568195
0.5513513521568195
0.5459459467514142
0.556756757562225
0.556756757562225
0.5621621629676303
0.5621621629676303
0.5621621629676303
0.5621621629676303
0.5621621629676303
0.5621621629676303
0.5621621629676303
0.5621621629676303
0.5621621629676303
0.5621621629676303
0.5621621629676303
0.5621621629676303
0.5621621629676303
0.5729729737784411
0.5729729737784411
0.5729729737784411
0.5729729737784411
0.5729729737784411
0.5729729737784411
0.5729729737784411
0.5729729737784411
0.5729729737784411
0.5729729737784411
0.5729729737784411
0.5729729737784411
0.5729729737784411
0.5729729737784411
0.5729729737784411
0.5729729737784411
0.5783783791838466
0.5783783791838466
0.5783783791838466
0.5783783791838466
0.583783784589252
0.583783784589252
0.5783783791838466
0.5783783791838466
0.5729729737784411
0.5729729737784411
0.5729729737784411
0.5729729737784411
0.5729729737784411
0.5729729737784411
0.5729729737784411
0.5729729737784411
0.5729729737784411
0.5729729737784411
0.5729729737784411
0.5729729737784411
0.5729729737784411
0.5729729737784411
0.5729729737784411
0.5729729737784411
0.5729729737784411
0.5729729737784411
0.5729729737784411
0.5729729737784411
0.5729729737784411
0.5729729737784411
0.5729729737784411
0.5729729737784411
0.5729729737784411
0.5729729737784411
0.5729729737784411
0.5729729737784411
0.5729729737784411
0.5729729737784411
0.5729729737784411
0.5729729737784411
0.5729729737784411
0.5729729737784411
0.5729729737784411
0.5729729737784411
0.5729729737784411
0.5729729737784411
0.5729729737784411
0.5729729737784411
0.5729729737784411
0.5729729737784411
