0.5081081055306099
0.5081081055306099
0.5081081055306099
0.5081081055306099
0.5135135109360154
0.5135135109360154
0.5135135109360154
0.5135135109360154
0.5189189163414207
0.5243243217468262
0.5243243217468262
0.5243243217468262
0.535135132557637
0.535135132557637
0.535135132557637
0.535135132557637
0.535135132557637
0.5405405379630424
0.5405405379630424
0.5405405379630424
0.5405405379630424
0.5405405379630424
0.5405405379630424
0.5405405379630424
0.5459459433684478
0.5459459433684478
0.5459459433684478
0.5459459433684478
0.5459459433684478
0.5459459433684478
0.5459459433684478
0.5459459433684478
0.5459459433684478
0.5459459433684478
0.5459459433684478
0.5459459433684478
0.5459459433684478
0.5459459433684478
0.5459459433684478
0.5459459433684478
0.5459459433684478
0.5459459433684478
0.5459459433684478
0.5459459433684478
0.5459459433684478
0.5459459433684478
0.5459459433684478
0.5459459433684478
0.5459459433684478
0.5459459433684478
0.5459459433684478
0.5459459433684478
0.5459459433684478
0.5459459433684478
0.5459459433684478
0.5459459433684478
0.5459459433684478
0.5459459433684478
0.5459459433684478
0.5459459433684478
0.5459459433684478
0.5459459433684478
0.5459459433684478
0.5459459433684478
0.5459459433684478
0.5459459433684478
0.5459459433684478
0.5459459433684478
0.5459459433684478
0.5459459433684478
0.5459459433684478
0.5459459433684478
0.5459459433684478
0.5459459433684478
0.5459459433684478
0.5459459433684478
0.5459459433684478
0.5459459433684478
0.5459459433684478
0.5459459433684478
0.5459459433684478
0.5459459433684478
0.5459459433684478
0.5459459433684478
0.5459459433684478
0.5459459433684478
0.5459459433684478
0.5459459433684478
0.5459459433684478
0.5459459433684478
0.5459459433684478
0.5459459433684478
0.5459459433684478
0.5459459433684478
0.5459459433684478
0.5459459433684478
0.5459459433684478
0.5459459433684478
0.5459459433684478
0.5459459433684478
0.5459459433684478
