0.47567567309817754
0.48108107850358295
0.48648648390898835
0.46486486228736673
0.4540540514765559
0.4594594568819613
0.4594594568819613
0.4594594568819613
0.4594594568819613
0.4594594568819613
0.47027026769277214
0.46486486228736673
0.4648648651870521
0.4648648651870521
0.4702702705924575
0.4756756759978629
0.4756756759978629
0.48108108140326833
0.48648648680867373
0.48648648680867373
0.48648648680867373
0.48648648680867373
0.48648648680867373
0.48648648680867373
0.48648648680867373
0.48648648680867373
0.48648648680867373
0.49189189221407914
0.49729729761948455
0.49729729761948455
0.49729729761948455
0.49729729761948455
0.49729729761948455
0.49729729761948455
0.49729729761948455
0.50270270302489
0.50270270302489
0.50270270302489
0.50270270302489
0.50270270302489
0.50270270302489
0.50270270302489
0.50270270302489
0.50270270302489
0.50270270302489
0.50270270302489
0.50270270302489
0.50270270302489
0.50270270302489
0.50270270302489
0.50270270302489
0.50270270302489
0.50270270302489
0.50270270302489
0.50270270302489
0.50270270302489
0.50270270302489
0.50270270302489
0.50270270302489
0.50270270302489
0.50270270302489
0.50270270302489
0.50270270302489
0.50270270302489
0.50270270302489
0.50270270302489
0.50270270302489
0.50270270302489
0.50270270302489
0.50270270302489
0.50270270302489
0.50270270302489
0.50270270302489
0.50270270302489
0.50270270302489
0.50270270302489
0.50270270302489
0.50270270302489
0.50270270302489
0.50270270302489
0.50270270302489
0.50270270302489
0.50270270302489
0.50270270302489
0.50270270302489
0.50270270302489
0.50270270302489
0.50270270302489
0.50270270302489
0.50270270302489
0.50270270302489
0.50270270302489
0.50270270302489
0.50270270302489
0.50270270302489
0.50270270302489
0.50270270302489
0.50270270302489
0.50270270302489
0.50270270302489
0.50270270302489
