0.5135135109360154
0.5135135109360154
0.5189189163414207
0.5243243217468262
0.529729730051917
0.5405405408627278
0.5459459462681332
0.5459459462681332
0.5459459462681332
0.5459459462681332
0.5405405408627278
0.5405405408627278
0.5405405408627278
0.5405405408627278
0.5405405408627278
0.5405405408627278
0.5405405408627278
0.5459459491678187
0.5459459491678187
0.5459459491678187
0.5459459491678187
0.5459459491678187
0.5459459491678187
0.5459459491678187
0.5459459491678187
0.5459459491678187
0.5459459491678187
0.5459459491678187
0.5459459491678187
0.5459459491678187
0.5459459491678187
0.5459459491678187
0.5459459491678187
0.5459459491678187
0.5459459491678187
0.5459459491678187
0.5459459491678187
0.5459459491678187
0.5459459491678187
0.5459459491678187
0.5459459491678187
0.5459459491678187
0.5459459491678187
0.5513513494182277
0.5513513494182277
0.5513513494182277
0.5513513494182277
0.5513513494182277
0.5513513494182277
0.5513513494182277
0.5513513494182277
0.5513513494182277
0.5459459440128224
0.5459459440128224
0.5459459440128224
0.5405405386074169
0.5405405386074169
0.5405405386074169
0.5405405386074169
0.5405405386074169
0.5405405386074169
0.5405405386074169
0.5405405386074169
0.5405405386074169
0.5405405386074169
0.5405405386074169
0.5405405386074169
0.5405405386074169
0.5405405386074169
0.5405405386074169
0.5405405386074169
0.5405405386074169
0.5405405386074169
0.5405405386074169
0.5405405386074169
0.5405405386074169
0.5405405386074169
0.5405405386074169
0.5405405386074169
0.5405405386074169
0.5405405386074169
0.5405405386074169
0.5405405386074169
0.5405405386074169
0.5405405386074169
0.5405405386074169
0.5405405386074169
0.5405405386074169
0.5405405386074169
0.5405405386074169
0.5405405386074169
0.5405405386074169
0.5405405386074169
0.5405405386074169
0.5405405386074169
0.5405405386074169
0.5405405386074169
0.5405405386074169
0.5405405386074169
0.5405405386074169
0.5405405386074169
