0.5567567541792586
0.5783783787005656
0.5135135131913262
0.5405405390906979
0.5297297294075425
0.5135135131913262
0.5297297294075425
0.5189189185967317
0.5189189185967317
0.5027027023805154
0.524324324002137
0.5135135131913262
0.5081081077859209
0.524324324002137
0.524324324002137
0.524324324002137
0.524324324002137
0.524324324002137
0.524324324002137
0.524324324002137
0.5189189185967317
0.524324324002137
0.524324324002137
0.5189189185967317
0.5189189185967317
0.5189189185967317
0.5189189185967317
0.5189189185967317
0.5189189185967317
0.5189189185967317
0.5189189185967317
0.5189189185967317
0.5189189185967317
0.5189189185967317
0.5189189185967317
0.5189189185967317
0.5189189185967317
0.5189189185967317
0.5189189185967317
0.5189189185967317
0.5189189185967317
0.5189189185967317
0.5189189185967317
0.5189189185967317
0.5189189185967317
0.5189189185967317
0.5189189185967317
0.5189189185967317
0.5189189185967317
0.5189189185967317
0.5189189185967317
0.5189189185967317
0.5189189185967317
0.5189189185967317
0.5189189185967317
0.5189189185967317
0.5189189185967317
0.5189189185967317
0.5189189185967317
0.5189189185967317
0.5189189185967317
0.5189189185967317
0.5189189185967317
0.5189189185967317
0.5189189185967317
0.5189189185967317
0.5189189185967317
0.5189189185967317
0.5189189185967317
0.5189189185967317
0.5189189185967317
0.5189189185967317
0.5189189185967317
0.5189189185967317
0.5189189185967317
0.5189189185967317
0.5135135131913262
0.5135135131913262
0.5135135131913262
0.5135135131913262
0.5135135131913262
0.5135135131913262
0.5135135131913262
0.5135135131913262
0.5135135131913262
0.5135135131913262
0.5135135131913262
0.5135135131913262
0.5135135131913262
0.5135135131913262
0.5135135131913262
0.5135135131913262
0.5135135131913262
0.5135135131913262
0.5135135131913262
0.5135135131913262
0.5135135131913262
0.5135135131913262
0.5135135131913262
0.5135135131913262
0.5135135131913262
