0.5729729761948457
0.5729729761948457
0.5675675707894403
0.5621621653840349
0.5621621653840349
0.5675675707894403
0.5729729710398493
0.5729729710398493
0.5729729710398493
0.5729729710398493
0.5729729710398493
0.5729729710398493
0.5729729710398493
0.5729729710398493
0.5783783764452548
0.5729729710398493
0.5729729710398493
0.5729729710398493
0.5729729710398493
0.5729729710398493
0.5729729710398493
0.5729729710398493
0.5729729710398493
0.5729729710398493
0.5729729710398493
0.5729729710398493
0.5729729710398493
0.5729729710398493
0.5729729710398493
0.5729729710398493
0.5729729710398493
0.5729729710398493
0.5729729710398493
0.5729729710398493
0.5729729710398493
0.5729729710398493
0.5729729710398493
0.5729729710398493
0.5729729710398493
0.5729729710398493
0.5729729710398493
0.5729729710398493
0.5729729710398493
0.5729729710398493
0.5729729710398493
0.5729729710398493
0.5729729710398493
0.5729729710398493
0.5729729710398493
0.5729729710398493
0.5729729710398493
0.5729729710398493
0.5729729710398493
0.5729729710398493
0.5729729710398493
0.5729729710398493
0.5729729710398493
0.5729729710398493
0.5729729710398493
0.5729729710398493
0.5729729710398493
0.5729729710398493
0.5729729710398493
0.5729729710398493
0.5729729710398493
0.5729729710398493
0.5729729710398493
0.5729729710398493
0.5729729710398493
0.5729729710398493
0.5729729710398493
0.5729729710398493
0.5729729710398493
0.5729729710398493
0.5729729710398493
0.5729729710398493
0.5729729710398493
0.5729729710398493
0.5729729710398493
0.5729729710398493
0.5729729710398493
0.5729729710398493
0.5729729710398493
0.5729729710398493
0.5729729710398493
0.5729729710398493
0.5729729710398493
0.5729729710398493
0.5729729710398493
0.5729729710398493
0.5729729710398493
0.5729729710398493
0.5729729710398493
0.5729729710398493
0.5729729710398493
0.5729729710398493
0.5729729710398493
0.5729729710398493
0.5729729710398493
0.5729729710398493
0.5729729710398493
