0.5243243230355753
0.529729733595977
0.5459459446571969
0.5405405444067878
0.529729733595977
0.5243243281905715
0.5243243281905715
0.5243243281905715
0.5243243281905715
0.5243243281905715
0.5243243281905715
0.5243243281905715
0.5243243281905715
0.5243243281905715
0.5243243281905715
0.529729733595977
0.5243243252908861
0.5243243252908861
0.5243243252908861
0.5243243252908861
0.5243243252908861
0.5243243252908861
0.5243243252908861
0.5243243252908861
0.5243243252908861
0.5243243252908861
0.5243243252908861
0.5243243252908861
0.529729733595977
0.529729733595977
0.529729733595977
0.529729733595977
0.529729733595977
0.529729733595977
0.529729733595977
0.529729733595977
0.529729733595977
0.529729733595977
0.529729733595977
0.529729733595977
0.529729733595977
0.529729733595977
0.529729733595977
0.529729733595977
0.529729733595977
0.529729733595977
0.529729733595977
0.529729733595977
0.529729733595977
0.529729733595977
0.529729733595977
0.529729733595977
0.529729733595977
0.529729733595977
0.529729733595977
0.529729733595977
0.529729733595977
0.529729733595977
0.529729733595977
0.529729733595977
0.529729733595977
0.529729733595977
0.529729733595977
0.529729733595977
0.529729733595977
0.529729733595977
0.529729733595977
0.529729733595977
0.529729733595977
0.529729733595977
0.529729733595977
0.529729733595977
0.529729733595977
0.529729733595977
0.529729733595977
0.529729733595977
0.529729733595977
0.529729733595977
0.529729733595977
0.529729733595977
0.529729733595977
0.529729733595977
0.529729733595977
0.529729733595977
0.529729733595977
0.529729733595977
0.529729733595977
0.529729733595977
0.529729733595977
0.529729733595977
0.529729733595977
0.529729733595977
0.529729733595977
0.529729733595977
0.529729733595977
0.529729733595977
0.529729733595977
0.529729733595977
0.529729733595977
0.529729733595977
0.529729733595977
