0.5135135167353863
0.5189189208520425
0.5243243251297925
0.5135135154466371
0.5297297305351979
0.5351351359406034
0.5297297294075425
0.5405405402183533
0.5189189208520425
0.5189189208520425
0.5297297294075425
0.524324324002137
0.5351351348129478
0.5351351348129478
0.5351351348129478
0.5459459456237586
0.5297297294075425
0.5405405402183533
0.5351351348129478
0.5189189185967317
0.5081081089135763
0.49729729810276546
0.49729729810276546
0.5135135143189817
0.5135135143189817
0.49729729810276546
0.49189189269736006
0.49729729810276546
0.48648648729195465
0.49729729810276546
0.49729729810276546
0.48648648729195465
0.48648648729195465
0.48648648729195465
0.49729729810276546
0.49729729810276546
0.49729729810276546
0.49729729810276546
0.49729729810276546
0.49729729810276546
0.49729729810276546
0.49729729810276546
0.49729729810276546
0.49729729810276546
0.49189189269736006
0.49189189269736006
0.49189189269736006
0.49189189269736006
0.49189189269736006
0.49729729810276546
0.49189189269736006
0.49729729810276546
0.49729729810276546
0.49189189269736006
0.48648648729195465
0.48648648729195465
0.48648648729195465
0.48648648729195465
0.49189189269736006
0.48648648729195465
0.49189189269736006
0.49729729810276546
0.49729729810276546
0.49729729810276546
0.5027027035081709
0.49729729810276546
0.49729729810276546
0.49729729810276546
0.49729729810276546
0.49729729810276546
0.49189189269736006
0.49729729810276546
0.49729729810276546
0.49729729810276546
0.49189189269736006
0.49189189269736006
0.49189189269736006
0.49189189269736006
0.49189189269736006
0.49189189269736006
0.49189189269736006
0.49189189269736006
0.48648648729195465
0.49189189269736006
0.48648648729195465
0.48648648729195465
0.48648648729195465
0.48648648729195465
0.48648648729195465
0.48648648729195465
0.48648648729195465
0.48648648729195465
0.48648648729195465
0.48648648729195465
0.48648648729195465
0.48648648729195465
0.48648648729195465
0.48648648729195465
0.48648648729195465
0.48648648729195465
0.48648648729195465
