0.5243243246465116
0.4756756753534884
0.5189189192411062
0.5189189163414207
0.5243243246465116
0.48108107850358295
0.48108107963123836
0.48648648616429924
0.49189188931439376
0.48648648503664377
0.47567567422583296
0.4594594591372722
0.46486486341502214
0.4540540537318668
0.47027026882042755
0.47567567422583296
0.47567567422583296
0.47567567422583296
0.48108107963123836
0.48108107963123836
0.47567567422583296
0.47567567422583296
0.47567567422583296
0.47567567422583296
0.47567567422583296
0.46486486341502214
0.47567567422583296
0.48648648503664377
0.47567567422583296
0.47567567422583296
0.46486486341502214
0.46486486341502214
0.45945945800961674
0.45405405260421133
0.45945945800961674
0.46486486341502214
0.46486486341502214
0.46486486341502214
0.47027026882042755
0.47027026882042755
0.46486486341502214
0.46486486341502214
0.47027026882042755
0.46486486341502214
0.47027026882042755
0.47027026882042755
0.47027026882042755
0.47027026882042755
0.47027026882042755
0.47027026882042755
0.47027026882042755
0.47027026882042755
0.46486486341502214
0.46486486341502214
0.46486486341502214
0.46486486341502214
0.46486486341502214
0.46486486341502214
0.46486486341502214
0.47027026882042755
0.46486486341502214
0.46486486341502214
0.46486486341502214
0.46486486341502214
0.46486486341502214
0.46486486341502214
0.46486486341502214
0.46486486341502214
0.46486486341502214
0.46486486341502214
0.46486486341502214
0.46486486341502214
0.46486486341502214
0.46486486341502214
0.46486486341502214
0.46486486341502214
0.46486486341502214
0.46486486341502214
0.46486486341502214
0.46486486341502214
0.46486486341502214
0.46486486341502214
0.46486486341502214
0.46486486341502214
0.46486486341502214
0.46486486341502214
0.46486486341502214
0.46486486341502214
0.46486486341502214
0.46486486341502214
0.46486486341502214
0.46486486341502214
0.46486486341502214
0.46486486341502214
0.46486486341502214
0.46486486341502214
0.46486486341502214
0.46486486341502214
0.46486486341502214
0.46486486341502214
0.46486486341502214
