0.49729729761948455
0.5621621602290385
0.6054054092716527
0.5837837847503455
0.5729729739395348
0.589189190155751
0.5837837847503455
0.5837837847503455
0.589189190155751
0.589189190155751
0.5945945955611563
0.5945945955611563
0.5945945955611563
0.6000000009665618
0.5945945955611563
0.5945945955611563
0.6000000009665618
0.6000000009665618
0.6000000009665618
0.6000000009665618
0.6000000009665618
0.6000000009665618
0.6000000009665618
0.6000000009665618
0.6000000009665618
0.6000000009665618
0.6000000009665618
0.6000000009665618
0.6000000009665618
0.6000000009665618
0.6000000009665618
0.6000000009665618
0.6000000009665618
0.6000000009665618
0.6000000009665618
0.6000000009665618
0.6000000009665618
0.6000000009665618
0.6000000009665618
0.6000000009665618
0.6000000009665618
0.6000000009665618
0.6000000009665618
0.6000000009665618
0.6000000009665618
0.6000000009665618
0.6000000009665618
0.6000000009665618
0.6000000009665618
0.6000000009665618
0.6000000009665618
0.6000000009665618
0.6000000009665618
0.6000000009665618
0.6000000009665618
0.6000000009665618
0.6000000009665618
0.6000000009665618
0.6000000009665618
0.6000000009665618
0.6000000009665618
0.6000000009665618
0.6000000009665618
0.6000000009665618
0.6000000009665618
0.6000000009665618
0.6000000009665618
0.6000000009665618
0.6000000009665618
0.6000000009665618
0.6000000009665618
0.6000000009665618
0.6000000009665618
0.6000000009665618
0.6000000009665618
0.6000000009665618
0.6000000009665618
0.6000000009665618
0.6000000009665618
0.6000000009665618
0.6000000009665618
0.6000000009665618
0.6000000009665618
0.6000000009665618
0.6000000009665618
0.6000000009665618
0.6000000009665618
0.6000000009665618
0.6000000009665618
0.6000000009665618
0.6000000009665618
0.6000000009665618
0.6000000009665618
0.6000000009665618
0.6000000009665618
0.6000000009665618
0.6000000009665618
0.5945945955611563
0.5945945955611563
0.6000000009665618
0.5945945955611563
