0.5135135131913262
0.5513513510291641
0.5135135131913262
0.5189189185967317
0.5243243251297925
0.5297297316628533
0.5405405402183533
0.5405405402183533
0.5405405402183533
0.5405405402183533
0.5459459444961032
0.5459459444961032
0.5459459444961032
0.562162159584664
0.5567567541792586
0.562162159584664
0.5567567541792586
0.556756755306914
0.556756755306914
0.556756755306914
0.556756755306914
0.556756755306914
0.5621621607123195
0.556756755306914
0.556756755306914
0.556756755306914
0.5621621607123195
0.5621621607123195
0.5621621607123195
0.5621621607123195
0.556756755306914
0.556756755306914
0.556756755306914
0.556756755306914
0.5621621607123195
0.556756755306914
0.556756755306914
0.556756755306914
0.5621621607123195
0.556756755306914
0.556756755306914
0.556756755306914
0.556756755306914
0.556756755306914
0.556756755306914
0.556756755306914
0.556756755306914
0.556756755306914
0.556756755306914
0.556756755306914
0.556756755306914
0.556756755306914
0.556756755306914
0.556756755306914
0.556756755306914
0.556756755306914
0.556756755306914
0.556756755306914
0.556756755306914
0.556756755306914
0.556756755306914
0.556756755306914
0.5513513499015087
0.556756755306914
0.556756755306914
0.5513513499015087
0.5513513499015087
0.5513513499015087
0.5513513499015087
0.5513513499015087
0.5513513499015087
0.5513513499015087
0.5513513499015087
0.5513513499015087
0.5513513499015087
0.556756755306914
0.5621621607123195
0.556756755306914
0.5513513499015087
0.556756755306914
0.5513513499015087
0.556756755306914
0.5621621607123195
0.5621621607123195
0.5621621607123195
0.5621621607123195
0.5513513499015087
0.5513513499015087
0.5513513499015087
0.5513513499015087
0.5513513499015087
0.5513513499015087
0.5513513499015087
0.5513513499015087
0.5513513499015087
0.5513513499015087
0.5513513499015087
0.5513513499015087
0.5513513499015087
0.5513513499015087
0.5513513499015087
