0.4486486505817723
0.4486486505817723
0.4486486505817723
0.4486486505817723
0.4486486505817723
0.4486486505817723
0.4540540559871777
0.4540540559871777
0.4540540559871777
0.4540540559871777
0.4540540559871777
0.4540540559871777
0.4486486505817723
0.4486486505817723
0.4486486505817723
0.4486486505817723
0.4486486505817723
0.4486486505817723
0.4486486505817723
0.4486486505817723
0.4486486505817723
0.4486486505817723
0.4486486505817723
0.4486486505817723
0.4486486505817723
0.4486486505817723
0.4486486505817723
0.4486486505817723
0.4486486505817723
0.4486486505817723
0.4486486505817723
0.4486486505817723
0.4486486505817723
0.4486486505817723
0.4486486505817723
0.4486486505817723
0.4486486505817723
0.4486486505817723
0.4486486505817723
0.4486486505817723
0.4486486505817723
0.4486486505817723
0.4486486505817723
0.4486486505817723
0.4486486505817723
0.4486486505817723
0.4486486505817723
0.4486486505817723
0.4486486505817723
0.4486486505817723
0.4486486505817723
0.4486486505817723
0.4486486505817723
0.4486486505817723
0.4486486505817723
0.4486486505817723
0.4486486505817723
0.4486486505817723
0.4486486505817723
0.4486486505817723
0.4486486505817723
0.4486486505817723
0.4486486505817723
0.4486486505817723
0.4486486505817723
0.4486486505817723
0.4486486505817723
0.4486486505817723
0.4486486505817723
0.4486486505817723
0.4486486505817723
0.4486486505817723
0.4486486505817723
0.4486486505817723
0.4486486505817723
0.4486486505817723
0.4486486505817723
0.4486486505817723
0.4486486505817723
0.4486486505817723
0.4486486505817723
0.4486486505817723
0.4486486505817723
0.4486486505817723
0.4486486505817723
0.4486486505817723
0.4486486505817723
0.4486486505817723
0.4486486505817723
0.4486486505817723
0.4486486505817723
0.4486486505817723
0.4486486505817723
0.4486486505817723
0.4486486505817723
0.4486486505817723
0.4486486505817723
0.4486486505817723
0.4486486505817723
0.4486486505817723
0.4486486505817723
