0.50270270125286
0.50270270125286
0.50270270125286
0.50270270125286
0.50270270125286
0.50270270125286
0.50270270125286
0.50270270125286
0.50270270125286
0.50270270125286
0.50270270125286
0.5081081066582654
0.5081081066582654
0.5081081066582654
0.5081081066582654
0.5081081066582654
0.5135135109360154
0.5135135109360154
0.5135135109360154
0.5135135109360154
0.5135135109360154
0.5135135109360154
0.5135135109360154
0.5135135109360154
0.5135135109360154
0.5135135109360154
0.5135135109360154
0.5135135109360154
0.5135135109360154
0.5135135109360154
0.5135135109360154
0.5135135109360154
0.5135135109360154
0.5135135109360154
0.5135135109360154
0.5135135109360154
0.5135135109360154
0.5135135109360154
0.5135135109360154
0.5135135109360154
0.5135135109360154
0.5135135109360154
0.5135135109360154
0.5135135109360154
0.5135135109360154
0.5135135109360154
0.5135135109360154
0.5135135109360154
0.5135135109360154
0.5135135109360154
0.5135135109360154
0.5135135109360154
0.5135135109360154
0.5135135109360154
0.5135135109360154
0.5135135109360154
0.5135135109360154
0.5135135109360154
0.5135135109360154
0.5135135109360154
0.5135135109360154
0.5135135109360154
0.5135135109360154
0.5135135109360154
0.5135135109360154
0.5135135109360154
0.5135135109360154
0.5135135109360154
0.5135135109360154
0.5135135109360154
0.5135135109360154
0.5135135109360154
0.5135135109360154
0.5135135109360154
0.5135135109360154
0.5135135109360154
0.5135135109360154
0.5135135109360154
0.5135135109360154
0.5135135109360154
0.5135135109360154
0.5135135109360154
0.5135135109360154
0.5135135109360154
0.5135135109360154
0.5135135109360154
0.5135135109360154
0.5135135109360154
0.5135135109360154
0.5135135109360154
0.5135135109360154
0.5135135109360154
0.5135135109360154
0.5135135109360154
0.5135135109360154
0.5135135109360154
0.5135135109360154
0.5135135109360154
0.5135135109360154
0.5135135109360154
0.5135135109360154
