0.4810810849473283
0.4864864903527337
0.44864864961521045
0.45405405502061585
0.45405405502061585
0.45405405502061585
0.45405405502061585
0.44864864961521045
0.44864864961521045
0.45405405502061585
0.45405405502061585
0.45405405502061585
0.45405405502061585
0.44864864961521045
0.44864864961521045
0.44864864961521045
0.4432432413101196
0.4432432413101196
0.4432432413101196
0.4432432413101196
0.4432432413101196
0.4432432413101196
0.4432432413101196
0.448648646715525
0.448648646715525
0.448648646715525
0.448648646715525
0.448648646715525
0.448648646715525
0.448648646715525
0.448648646715525
0.448648646715525
0.448648646715525
0.448648646715525
0.448648646715525
0.4594594575263358
0.4594594575263358
0.4594594575263358
0.4594594575263358
0.4594594575263358
0.4594594575263358
0.4594594575263358
0.4594594575263358
0.4594594575263358
0.4594594575263358
0.4594594575263358
0.46486486293174123
0.46486486293174123
0.46486486293174123
0.46486486293174123
0.46486486293174123
0.46486486293174123
0.46486486293174123
0.46486486293174123
0.46486486293174123
0.46486486293174123
0.46486486293174123
0.46486486293174123
0.46486486293174123
0.46486486293174123
0.46486486293174123
0.46486486293174123
0.46486486293174123
0.46486486293174123
0.46486486293174123
0.46486486293174123
0.46486486293174123
0.46486486293174123
0.46486486293174123
0.46486486293174123
0.46486486293174123
0.46486486293174123
0.46486486293174123
0.46486486293174123
0.46486486293174123
0.46486486293174123
0.46486486293174123
0.46486486293174123
0.46486486293174123
0.46486486293174123
0.46486486293174123
0.46486486293174123
0.46486486293174123
0.46486486293174123
0.46486486293174123
0.46486486293174123
0.46486486293174123
0.46486486293174123
0.46486486293174123
0.46486486293174123
0.46486486293174123
0.46486486293174123
0.46486486293174123
0.46486486293174123
0.46486486293174123
0.46486486293174123
0.46486486293174123
0.46486486293174123
0.46486486293174123
0.46486486293174123
0.46486486293174123
