0.5135135138357008
0.5135135138357008
0.5081081055306099
0.5081081066582654
0.49729729697511005
0.49729729697511005
0.5081081077859209
0.5135135131913262
0.5297297282798871
0.5297297282798871
0.5297297282798871
0.5297297282798871
0.5189189185967317
0.5243243228744816
0.5189189185967317
0.5135135131913262
0.5135135131913262
0.5135135131913262
0.5135135131913262
0.5135135131913262
0.5135135131913262
0.5135135131913262
0.5135135131913262
0.5135135131913262
0.5135135131913262
0.5189189185967317
0.5189189185967317
0.5189189185967317
0.5135135131913262
0.5135135131913262
0.5135135131913262
0.5135135131913262
0.5135135131913262
0.5135135131913262
0.5135135131913262
0.5135135131913262
0.5135135131913262
0.5135135131913262
0.5135135131913262
0.5135135131913262
0.5135135131913262
0.5135135131913262
0.5135135131913262
0.5135135131913262
0.5135135131913262
0.5135135131913262
0.5081081077859209
0.5081081077859209
0.5081081077859209
0.5081081077859209
0.5081081077859209
0.5081081077859209
0.5081081077859209
0.5081081077859209
0.5081081077859209
0.5081081077859209
0.5081081077859209
0.5081081077859209
0.5081081077859209
0.5081081077859209
0.5081081077859209
0.5027027035081709
0.5027027035081709
0.5027027035081709
0.5027027035081709
0.5027027035081709
0.5027027035081709
0.5027027035081709
0.5027027035081709
0.5027027035081709
0.5027027035081709
0.5027027035081709
0.5027027035081709
0.5081081089135763
0.5081081089135763
0.5135135143189817
0.5135135143189817
0.5081081089135763
0.5081081089135763
0.5135135143189817
0.5081081089135763
0.5081081089135763
0.5081081089135763
0.5081081089135763
0.5081081089135763
0.5081081089135763
0.5081081089135763
0.5081081089135763
0.5081081089135763
0.5081081089135763
0.5081081089135763
0.5081081089135763
0.5081081089135763
0.5135135143189817
0.5135135143189817
0.5135135143189817
0.5135135143189817
0.5135135143189817
0.5135135143189817
0.5135135143189817
0.5081081089135763
