0.5027027001252046
0.5405405437624132
0.5675675707894403
0.5189189192411062
0.5351351354573224
0.529729730051917
0.5459459462681332
0.5405405408627278
0.5243243246465116
0.5351351383570079
0.5351351354573224
0.5405405408627278
0.5459459491678187
0.5459459491678187
0.551351354573224
0.551351354573224
0.5459459491678187
0.551351354573224
0.5567567599786295
0.5567567599786295
0.5567567599786295
0.5567567599786295
0.5567567599786295
0.5567567599786295
0.5567567599786295
0.5567567599786295
0.5567567599786295
0.5567567599786295
0.5567567599786295
0.5567567599786295
0.5567567599786295
0.5567567599786295
0.5567567599786295
0.5567567599786295
0.5567567599786295
0.5567567599786295
0.5567567599786295
0.5567567599786295
0.5567567599786295
0.5567567599786295
0.551351354573224
0.5567567599786295
0.5567567599786295
0.5567567599786295
0.5567567599786295
0.5567567599786295
0.5567567599786295
0.5567567599786295
0.5621621653840349
0.5567567599786295
0.5567567599786295
0.551351354573224
0.551351354573224
0.551351354573224
0.551351354573224
0.551351354573224
0.551351354573224
0.551351354573224
0.551351354573224
0.551351354573224
0.551351354573224
0.551351354573224
0.551351354573224
0.551351354573224
0.551351354573224
0.551351354573224
0.551351354573224
0.551351354573224
0.551351354573224
0.551351354573224
0.551351354573224
0.551351354573224
0.551351354573224
0.551351354573224
0.551351354573224
0.551351354573224
0.551351354573224
0.551351354573224
0.551351354573224
0.551351354573224
0.551351354573224
0.551351354573224
0.551351354573224
0.551351354573224
0.551351354573224
0.551351354573224
0.551351354573224
0.551351354573224
0.551351354573224
0.551351354573224
0.551351354573224
0.551351354573224
0.551351354573224
0.551351354573224
0.551351354573224
0.551351354573224
0.551351354573224
0.551351354573224
0.551351354573224
0.551351354573224
0.551351354573224
