0.5297297277966061
0.5297297277966061
0.5297297277966061
0.5297297277966061
0.5297297277966061
0.5297297277966061
0.5297297277966061
0.5297297277966061
0.5297297277966061
0.5297297277966061
0.5297297277966061
0.5297297277966061
0.5297297277966061
0.5297297277966061
0.5351351332020116
0.5351351332020116
0.5351351332020116
0.5351351332020116
0.5351351332020116
0.5351351332020116
0.5351351332020116
0.5351351332020116
0.5351351332020116
0.5351351332020116
0.5405405415071024
0.5405405415071024
0.5405405415071024
0.5405405415071024
0.5405405415071024
0.5405405415071024
0.5405405415071024
0.5405405415071024
0.5405405415071024
0.5405405415071024
0.5459459498121931
0.5459459498121931
0.5459459498121931
0.5459459498121931
0.5459459498121931
0.5459459498121931
0.5459459498121931
0.5459459498121931
0.5459459498121931
0.5459459498121931
0.5459459498121931
0.5459459498121931
0.5459459498121931
0.5459459498121931
0.5459459498121931
0.5459459498121931
0.5459459498121931
0.5459459498121931
0.5459459498121931
0.5459459498121931
0.5459459498121931
0.5459459498121931
0.5459459498121931
0.5459459498121931
0.5459459498121931
0.5459459498121931
0.5459459498121931
0.5459459498121931
0.5459459498121931
0.5459459498121931
0.5459459498121931
0.5459459498121931
0.5459459498121931
0.5459459498121931
0.5459459498121931
0.5459459498121931
0.5459459498121931
0.5459459498121931
0.5459459498121931
0.5459459498121931
0.5459459498121931
0.5459459498121931
0.5459459498121931
0.5459459498121931
0.5459459498121931
0.5459459498121931
0.5459459498121931
0.5459459498121931
0.5459459498121931
0.5459459498121931
0.5459459498121931
0.5459459498121931
0.5459459498121931
0.5459459498121931
0.5459459498121931
0.5459459498121931
0.5459459498121931
0.5459459498121931
0.5459459498121931
0.5459459498121931
0.5459459498121931
0.5459459498121931
0.5459459498121931
0.5459459498121931
0.5459459498121931
0.5459459498121931
0.5459459498121931
