0.4486486483264614
0.4486486483264614
0.49729730051917
0.5027027001252046
0.5027027001252046
0.5135135109360154
0.49729729471979917
0.5081081084302954
0.5189189163414207
0.5459459462681332
0.5459459462681332
0.5405405408627278
0.5405405408627278
0.5837837847503455
0.5513513516735387
0.5513513516735387
0.5783783793449402
0.583783787650031
0.5891891930554364
0.6054054092716527
0.6054054092716527
0.6054054092716527
0.610810814677058
0.6054054092716527
0.6054054092716527
0.6054054092716527
0.6054054092716527
0.610810814677058
0.610810814677058
0.6054054092716527
0.6000000038662472
0.6000000038662472
0.6000000038662472
0.6054054092716527
0.6054054092716527
0.6054054092716527
0.6054054092716527
0.6000000038662472
0.6000000038662472
0.6000000038662472
0.6000000038662472
0.6000000038662472
0.6000000038662472
0.610810814677058
0.610810814677058
0.610810814677058
0.610810814677058
0.610810814677058
0.6162162200824635
0.6270270308932743
0.6216216254878688
0.6216216254878688
0.6216216254878688
0.6216216254878688
0.616216217182778
0.610810814677058
0.610810814677058
0.6162162149274671
0.6054054041166563
0.6108108095220617
0.6108108095220617
0.6108108095220617
0.6108108095220617
0.6054054041166563
0.6108108095220617
0.6108108095220617
0.6108108095220617
0.6054054041166563
0.5999999987112509
0.5999999987112509
0.5945945933058455
0.5945945933058455
0.5999999987112509
0.5999999987112509
0.5999999987112509
0.5999999987112509
0.5999999987112509
0.5999999987112509
0.5999999987112509
0.5999999987112509
0.5999999987112509
0.5999999987112509
0.5999999987112509
0.5999999987112509
0.5999999987112509
0.5999999987112509
0.5999999987112509
0.5999999987112509
0.5999999987112509
0.5999999987112509
0.6054054041166563
0.6054054041166563
0.6054054041166563
0.6108108095220617
0.6108108095220617
0.6108108095220617
0.6108108095220617
0.6054054041166563
0.6054054041166563
0.6054054041166563
0.6054054041166563
