0.5243243246465116
0.5459459433684478
0.5783783793449402
0.5513513494182277
0.551351354573224
0.5621621653840349
0.5567567599786295
0.5621621653840349
0.551351354573224
0.5459459491678187
0.5567567577233186
0.5567567577233186
0.5567567577233186
0.5513513523179132
0.5513513523179132
0.5567567577233186
0.5675675685341294
0.562162163128724
0.562162163128724
0.562162163128724
0.562162163128724
0.562162163128724
0.562162163128724
0.562162163128724
0.562162163128724
0.562162163128724
0.562162163128724
0.5675675685341294
0.562162163128724
0.5675675714338148
0.5675675714338148
0.5729729768392202
0.5783783822446256
0.583783787650031
0.583783787650031
0.5891891930554364
0.5891891930554364
0.583783787650031
0.583783787650031
0.583783787650031
0.583783787650031
0.583783787650031
0.5783783822446256
0.5783783822446256
0.5783783822446256
0.5783783822446256
0.5783783822446256
0.583783787650031
0.583783787650031
0.5891891930554364
0.5891891930554364
0.5891891930554364
0.5891891930554364
0.5891891930554364
0.5891891930554364
0.5891891930554364
0.5891891930554364
0.5891891930554364
0.5891891930554364
0.5891891930554364
0.5891891930554364
0.5891891930554364
0.5891891930554364
0.5891891930554364
0.5891891930554364
0.5891891930554364
0.5891891930554364
0.5891891930554364
0.5891891930554364
0.5891891930554364
0.5891891930554364
0.5891891930554364
0.5891891930554364
0.5891891930554364
0.5891891930554364
0.5945945984608418
0.6000000038662472
0.6000000038662472
0.5945945955611563
0.5945945955611563
0.5945945955611563
0.5945945955611563
0.5945945955611563
0.5945945955611563
0.5945945955611563
0.5945945955611563
0.5945945955611563
0.5945945955611563
0.5945945955611563
0.5945945955611563
0.5945945955611563
0.5945945955611563
0.5945945955611563
0.5945945955611563
0.5945945955611563
0.5945945955611563
0.5945945955611563
0.5945945955611563
0.5945945955611563
0.5945945955611563
0.5945945955611563
