0.4918918951137646
0.4918918951137646
0.4918918951137646
0.4918918951137646
0.5459459491678187
0.5621621624843495
0.5513513516735387
0.5621621624843495
0.5567567548236332
0.5783783764452548
0.5729729710398493
0.5783783793449402
0.5945945933058455
0.616216217182778
0.6378378417040851
0.6432432471094904
0.6378378388043996
0.643243244209805
0.6486486496152104
0.6486486496152104
0.6486486496152104
0.6486486525148959
0.6432432471094904
0.6540540579203012
0.6486486525148959
0.6594594633257067
0.6594594633257067
0.6594594604260212
0.6540540521209305
0.6594594604260212
0.6594594604260212
0.6486486496152104
0.6540540550206159
0.6540540550206159
0.6540540550206159
0.6486486496152104
0.6486486496152104
0.6486486496152104
0.6486486496152104
0.6486486496152104
0.6486486496152104
0.6486486496152104
0.6486486496152104
0.6594594633257067
0.6702702741365175
0.6648648687311121
0.6648648687311121
0.6702702741365175
0.6702702741365175
0.6756756743869266
0.681081079792332
0.6756756795419229
0.6756756795419229
0.681081079792332
0.6864864851977374
0.6864864851977374
0.6864864851977374
0.6864864851977374
0.681081079792332
0.681081079792332
0.681081079792332
0.6756756743869266
0.6756756743869266
0.6756756743869266
0.6702702689815212
0.6702702689815212
0.6756756743869266
0.6756756743869266
0.6756756743869266
0.6756756743869266
0.6756756743869266
0.6756756743869266
0.681081079792332
0.681081079792332
0.681081079792332
0.681081079792332
0.681081079792332
0.681081079792332
0.681081079792332
0.681081079792332
0.681081079792332
0.6756756743869266
0.6756756743869266
0.6756756743869266
0.6756756743869266
0.6756756743869266
0.6756756743869266
0.6756756743869266
0.6756756743869266
0.6756756743869266
0.681081079792332
0.681081079792332
0.681081079792332
0.681081079792332
0.6756756795419229
0.6756756795419229
0.6702702741365175
0.6702702741365175
0.6702702741365175
0.6756756743869266
0.6756756743869266
