0.5135135138357008
0.5135135109360154
0.5837837847503455
0.5621621653840349
0.5459459433684478
0.5405405408627278
0.6108108140326834
0.5783783764452548
0.5999999980668764
0.5999999980668764
0.6378378388043996
0.6216216254878688
0.6324324333989942
0.6486486525148959
0.6378378388043996
0.6432432413101197
0.6270270250939034
0.6378378388043996
0.6486486496152104
0.6486486496152104
0.6486486496152104
0.6486486496152104
0.6486486525148959
0.6432432471094904
0.6432432471094904
0.6378378417040851
0.6378378417040851
0.6324324362986796
0.6378378417040851
0.6378378417040851
0.6324324362986796
0.6324324362986796
0.6324324362986796
0.6324324362986796
0.6324324362986796
0.6270270308932743
0.6270270308932743
0.6270270308932743
0.6270270308932743
0.6324324362986796
0.6324324362986796
0.6324324362986796
0.6378378417040851
0.6378378417040851
0.6378378417040851
0.6324324333989942
0.6324324333989942
0.6324324333989942
0.6324324362986796
0.6324324362986796
0.6324324362986796
0.6324324362986796
0.6324324362986796
0.6324324362986796
0.6324324362986796
0.6324324362986796
0.6378378417040851
0.6378378417040851
0.6324324333989942
0.6324324333989942
0.6324324333989942
0.6270270279935888
0.6270270279935888
0.6324324333989942
0.6378378417040851
0.6378378417040851
0.6378378417040851
0.6378378417040851
0.6378378417040851
0.6378378417040851
0.6378378417040851
0.6324324362986796
0.6324324362986796
0.6324324362986796
0.6324324362986796
0.6378378417040851
0.6378378417040851
0.6378378417040851
0.6378378417040851
0.6378378417040851
0.6378378417040851
0.6378378417040851
0.6378378417040851
0.6378378417040851
0.6378378417040851
0.6378378417040851
0.6378378417040851
0.6378378417040851
0.6378378417040851
0.6378378417040851
0.6378378417040851
0.6378378417040851
0.6378378417040851
0.6378378417040851
0.6378378417040851
0.6378378417040851
0.6378378417040851
0.6378378417040851
0.6378378417040851
0.6378378417040851
0.6378378417040851
