0.47027026769277214
0.47027026769277214
0.47027026769277214
0.47027026769277214
0.46486486228736673
0.47027026769277214
0.4594594568819613
0.4540540514765559
0.4270270244495289
0.4378378352603397
0.4540540514765559
0.4594594568819613
0.4594594568819613
0.47567567309817754
0.48108107850358295
0.49729729471979917
0.5027027001252046
0.5081081055306099
0.5081081055306099
0.5081081055306099
0.5189189163414207
0.5243243246465116
0.5351351332020116
0.567567565634444
0.6054054063719672
0.6270270250939034
0.6432432471094904
0.6432432413101197
0.6486486518705213
0.6540540543762413
0.6540540543762413
0.648648648970836
0.648648648970836
0.648648648970836
0.6432432435654305
0.6432432435654305
0.648648648970836
0.6432432435654305
0.6432432435654305
0.6432432435654305
0.6432432435654305
0.6432432435654305
0.648648648970836
0.6594594597816468
0.6594594597816468
0.6594594597816468
0.6594594597816468
0.6594594597816468
0.6594594597816468
0.6540540543762413
0.6594594597816468
0.6594594597816468
0.6594594597816468
0.6594594597816468
0.6594594597816468
0.6594594597816468
0.6594594597816468
0.6594594597816468
0.6648648651870521
0.6648648651870521
0.670270273492143
0.6810810791479575
0.6756756737425521
0.6864864845533629
0.6864864845533629
0.6918918928584536
0.6918918928584536
0.6756756766422375
0.6810810820476428
0.6756756766422375
0.670270271236832
0.670270271236832
0.6648648658314267
0.6648648658314267
0.6594594604260212
0.6540540550206159
0.6648648658314267
0.6648648658314267
0.6648648658314267
0.6594594604260212
0.6648648658314267
0.6648648658314267
0.6648648658314267
0.6648648658314267
0.6648648658314267
0.6594594604260212
0.6594594604260212
0.6648648658314267
0.6648648658314267
0.6648648658314267
0.6648648658314267
0.6648648658314267
0.6648648658314267
0.6648648658314267
0.6648648658314267
0.6648648658314267
0.6648648658314267
0.6648648658314267
0.6648648658314267
0.6648648658314267
0.6648648658314267
