0.5405405437624132
0.5081081077859209
0.535135132557637
0.5405405379630424
0.535135132557637
0.535135132557637
0.5351351354573224
0.5351351354573224
0.5189189163414207
0.5351351354573224
0.5513513516735387
0.5729729732951603
0.5783783816002511
0.6000000032218726
0.6108108140326834
0.6108108088776872
0.6108108088776872
0.6162162142830926
0.621621619688498
0.6270270250939034
0.6378378359047142
0.6324324333989942
0.6216216225881834
0.6108108088776872
0.6162162142830926
0.6270270250939034
0.6270270250939034
0.6378378359047142
0.643243244209805
0.643243244209805
0.6432432413101197
0.648648646715525
0.6432432413101197
0.6432432413101197
0.648648646715525
0.6486486496152104
0.6540540550206159
0.6540540550206159
0.6540540550206159
0.6594594604260212
0.6648648658314267
0.6702702741365175
0.6702702741365175
0.6702702741365175
0.6648648658314267
0.6594594604260212
0.6594594604260212
0.6648648658314267
0.6594594575263358
0.6648648629317413
0.6594594575263358
0.6648648629317413
0.6702702683371466
0.6648648629317413
0.6648648658314267
0.6648648658314267
0.6648648658314267
0.6648648658314267
0.6648648658314267
0.6648648658314267
0.6648648658314267
0.670270271236832
0.670270271236832
0.670270271236832
0.670270271236832
0.6756756766422375
0.670270271236832
0.670270271236832
0.670270271236832
0.670270271236832
0.670270271236832
0.670270271236832
0.6648648629317413
0.6540540521209305
0.6540540521209305
0.6540540521209305
0.6540540521209305
0.648648646715525
0.648648646715525
0.6378378359047142
0.6378378359047142
0.6378378359047142
0.6324324304993089
0.6378378388043996
0.6378378388043996
0.643243244209805
0.643243244209805
0.643243244209805
0.643243244209805
0.643243244209805
0.643243244209805
0.643243244209805
0.643243244209805
0.643243244209805
0.643243244209805
0.643243244209805
0.643243244209805
0.643243244209805
0.643243244209805
0.643243244209805
0.643243244209805
