0.4648648645426776
0.4648648645426776
0.4648648645426776
0.4594594591372722
0.4594594591372722
0.4594594591372722
0.4594594591372722
0.4594594591372722
0.4594594591372722
0.4594594591372722
0.4594594591372722
0.4594594591372722
0.4648648645426776
0.4648648645426776
0.4648648645426776
0.4648648645426776
0.4648648645426776
0.4648648645426776
0.4648648645426776
0.4648648645426776
0.4648648645426776
0.4648648645426776
0.4648648645426776
0.4648648645426776
0.4648648645426776
0.4648648645426776
0.4648648645426776
0.4648648645426776
0.4648648645426776
0.4648648645426776
0.4648648645426776
0.4648648645426776
0.4648648645426776
0.4648648645426776
0.4648648645426776
0.4648648645426776
0.4648648645426776
0.4648648645426776
0.4648648645426776
0.4648648645426776
0.4648648645426776
0.4648648645426776
0.4648648645426776
0.470270269948083
0.470270269948083
0.470270269948083
0.470270269948083
0.470270269948083
0.470270269948083
0.470270269948083
0.470270269948083
0.470270269948083
0.470270269948083
0.4648648645426776
0.4648648645426776
0.4648648645426776
0.4648648645426776
0.4648648645426776
0.4648648645426776
0.4648648645426776
0.4648648645426776
0.4648648645426776
0.4594594591372722
0.4594594591372722
0.4594594591372722
0.4594594591372722
0.4594594591372722
0.4594594591372722
0.4594594591372722
0.4648648645426776
0.4648648645426776
0.4648648645426776
0.4648648645426776
0.4648648645426776
0.4648648645426776
0.4648648645426776
0.4648648645426776
0.4648648645426776
0.4648648645426776
0.4648648645426776
0.4648648645426776
0.4648648645426776
0.470270269948083
0.470270269948083
0.470270269948083
0.470270269948083
0.470270269948083
0.470270269948083
0.470270269948083
0.470270269948083
0.470270269948083
0.470270269948083
0.470270269948083
0.470270269948083
0.470270269948083
0.47567567422583296
0.47567567422583296
0.47567567422583296
0.47567567422583296
0.47567567422583296
0.47567567422583296
