0.5351351354573224
0.5351351354573224
0.5351351354573224
0.5351351354573224
0.5351351354573224
0.5351351354573224
0.5351351354573224
0.5351351354573224
0.5351351354573224
0.5405405408627278
0.5405405408627278
0.5405405408627278
0.5405405408627278
0.5405405408627278
0.5405405408627278
0.5405405408627278
0.5405405408627278
0.5405405408627278
0.5405405408627278
0.5405405408627278
0.5405405408627278
0.5405405408627278
0.5405405408627278
0.5405405408627278
0.5405405408627278
0.5405405408627278
0.5405405408627278
0.5405405408627278
0.5405405408627278
0.5405405408627278
0.5405405408627278
0.5405405408627278
0.5405405408627278
0.5405405408627278
0.5405405408627278
0.5405405408627278
0.5405405408627278
0.5405405408627278
0.5405405408627278
0.5405405408627278
0.5405405408627278
0.5405405408627278
0.5405405408627278
0.5405405408627278
0.5405405408627278
0.5405405408627278
0.5405405408627278
0.5405405408627278
0.5405405408627278
0.5405405408627278
0.5459459462681332
0.5459459462681332
0.5459459462681332
0.5513513516735387
0.5513513516735387
0.5513513516735387
0.556756757078944
0.556756757078944
0.5621621624843495
0.5621621624843495
0.5567567541792586
0.5567567541792586
0.5567567541792586
0.5567567541792586
0.562162159584664
0.562162159584664
0.562162159584664
0.562162159584664
0.562162159584664
0.562162159584664
0.562162159584664
0.562162159584664
0.562162159584664
0.562162159584664
0.562162159584664
0.562162159584664
0.5675675678897548
0.5729729732951603
0.5783783787005656
0.5783783787005656
0.5783783787005656
0.5783783787005656
0.5783783787005656
0.5783783787005656
0.5837837841059711
0.5837837870056565
0.5837837870056565
0.5783783787005656
0.5783783787005656
0.5729729732951603
0.5729729732951603
0.5783783787005656
0.5783783787005656
0.5783783787005656
0.5783783787005656
0.5783783787005656
0.5783783787005656
0.5783783787005656
0.5837837841059711
0.5837837841059711
0.5837837841059711
