0.5081081066582654
0.5081081066582654
0.5081081066582654
0.5081081066582654
0.5081081066582654
0.5081081066582654
0.5081081066582654
0.5081081066582654
0.50270270125286
0.5081081077859209
0.6000000003221873
0.594594592661471
0.6054054034722818
0.5783783758008803
0.5783783758008803
0.5999999980668764
0.6054054034722818
0.5945945978164673
0.594594592661471
0.6054054034722818
0.594594592661471
0.6000000009665618
0.6000000009665618
0.5837837847503455
0.5783783793449402
0.5837837847503455
0.5837837847503455
0.589189190155751
0.5945945955611563
0.5945945955611563
0.5945945955611563
0.5945945955611563
0.5945945955611563
0.5945945955611563
0.5945945955611563
0.5945945955611563
0.6054054063719672
0.5999999980668764
0.5999999980668764
0.5999999980668764
0.5999999980668764
0.6054054063719672
0.6054054063719672
0.6054054063719672
0.6054054063719672
0.6054054063719672
0.6000000009665618
0.5945945955611563
0.5945945955611563
0.5945945955611563
0.5945945955611563
0.5945945955611563
0.5945945955611563
0.5945945955611563
0.5945945955611563
0.5945945955611563
0.5945945955611563
0.5945945955611563
0.5945945955611563
0.5945945955611563
0.6000000038662472
0.6000000038662472
0.6000000038662472
0.6000000038662472
0.6000000038662472
0.6000000038662472
0.6000000038662472
0.6000000038662472
0.6054054092716527
0.6054054092716527
0.6054054092716527
0.6054054092716527
0.6054054092716527
0.610810814677058
0.610810814677058
0.610810814677058
0.610810814677058
0.6162162200824635
0.6216216254878688
0.6216216254878688
0.6216216254878688
0.6216216254878688
0.6216216254878688
0.6162162200824635
0.6162162200824635
0.6216216254878688
0.6216216254878688
0.6216216254878688
0.6216216254878688
0.6216216254878688
0.6216216254878688
0.6216216254878688
0.6162162200824635
0.6162162200824635
0.6162162200824635
0.6162162200824635
0.6162162200824635
0.6216216254878688
0.6216216254878688
0.6216216254878688
0.6216216254878688
