0.5297297282798871
0.5297297282798871
0.5351351336852924
0.5513513499015087
0.5405405402183533
0.5405405390906979
0.5243243228744816
0.5405405390906979
0.5405405390906979
0.5351351336852924
0.5513513499015087
0.5513513499015087
0.556756755306914
0.556756755306914
0.5513513499015087
0.556756755306914
0.556756755306914
0.556756755306914
0.556756755306914
0.556756755306914
0.556756755306914
0.556756755306914
0.556756755306914
0.556756755306914
0.556756755306914
0.5621621607123195
0.556756755306914
0.556756755306914
0.5513513499015087
0.5513513499015087
0.5459459444961032
0.5459459444961032
0.5459459444961032
0.5405405390906979
0.5405405390906979
0.5405405390906979
0.5351351336852924
0.5351351336852924
0.5405405390906979
0.5459459444961032
0.5513513499015087
0.5513513499015087
0.5513513499015087
0.5459459444961032
0.5459459444961032
0.5513513499015087
0.5513513499015087
0.5513513499015087
0.5513513499015087
0.5513513499015087
0.5459459444961032
0.5459459444961032
0.5459459444961032
0.5459459444961032
0.5459459444961032
0.5459459444961032
0.5459459444961032
0.5459459444961032
0.5459459444961032
0.5459459444961032
0.5459459444961032
0.5459459444961032
0.5459459444961032
0.5459459444961032
0.5459459444961032
0.5459459444961032
0.5459459444961032
0.5459459444961032
0.5459459444961032
0.5459459444961032
0.5459459444961032
0.5459459444961032
0.5459459444961032
0.5459459444961032
0.5459459444961032
0.5459459444961032
0.5459459444961032
0.5459459444961032
0.5459459444961032
0.5459459444961032
0.5459459444961032
0.5459459444961032
0.5459459444961032
0.5405405390906979
0.5405405390906979
0.5405405390906979
0.5405405390906979
0.5405405390906979
0.5405405390906979
0.5405405390906979
0.5405405390906979
0.5405405390906979
0.5405405390906979
0.5405405390906979
0.5405405390906979
0.5405405390906979
0.5405405390906979
0.5405405390906979
0.5405405390906979
0.5405405390906979
0.5405405390906979
