0.48648648616429924
0.5135135167353863
0.5081081084302954
0.5189189192411062
0.5189189221407916
0.5189189221407916
0.5189189221407916
0.5243243275461971
0.5081081113299808
0.49189189221407914
0.5027027059245754
0.49729730051917
0.5027027059245754
0.49189189221407914
0.49729729761948455
0.5027027059245754
0.5135135167353863
0.5027027059245754
0.5027027059245754
0.5135135167353863
0.5135135167353863
0.5135135167353863
0.5135135167353863
0.5135135167353863
0.5135135167353863
0.5135135167353863
0.5135135167353863
0.5135135167353863
0.5135135167353863
0.5135135167353863
0.5135135167353863
0.5135135167353863
0.5189189221407916
0.5189189221407916
0.5189189221407916
0.5189189221407916
0.5189189221407916
0.5189189221407916
0.5189189221407916
0.5189189221407916
0.5189189221407916
0.5189189221407916
0.5135135167353863
0.5135135167353863
0.5135135167353863
0.5135135167353863
0.5135135167353863
0.5135135167353863
0.5135135167353863
0.5135135167353863
0.5135135167353863
0.5243243275461971
0.5243243275461971
0.5243243275461971
0.5243243275461971
0.5243243275461971
0.5189189221407916
0.5189189221407916
0.5189189221407916
0.5189189221407916
0.5189189221407916
0.5189189221407916
0.5189189221407916
0.5189189221407916
0.5243243275461971
0.5243243275461971
0.5243243275461971
0.5243243275461971
0.5243243275461971
0.5243243275461971
0.5243243275461971
0.5243243275461971
0.5243243275461971
0.5243243275461971
0.5243243275461971
0.5243243275461971
0.5243243275461971
0.5243243275461971
0.5243243275461971
0.5243243275461971
0.5243243275461971
0.5243243275461971
0.5243243275461971
0.5243243275461971
0.5243243275461971
0.5243243275461971
0.5243243275461971
0.5243243275461971
0.5243243275461971
0.5243243275461971
0.5243243275461971
0.5243243275461971
0.5243243275461971
0.5243243275461971
0.5243243275461971
0.5243243275461971
0.5243243275461971
0.5243243275461971
0.5243243275461971
0.5243243275461971
0.5243243275461971
