0.5135135131913262
0.5189189185967317
0.5189189185967317
0.5135135120636708
0.5135135131913262
0.524324324002137
0.5189189185967317
0.5351351348129478
0.5297297294075425
0.5351351348129478
0.5459459456237586
0.5459459456237586
0.5351351348129478
0.5351351348129478
0.556756755306914
0.5405405402183533
0.5459459456237586
0.5621621607123195
0.5513513499015087
0.5513513510291641
0.5567567564345695
0.5513513510291641
0.5513513499015087
0.5621621607123195
0.5675675661177249
0.5675675661177249
0.5621621618399749
0.5621621618399749
0.5621621618399749
0.5567567564345695
0.5567567564345695
0.5675675672453803
0.5675675672453803
0.5675675672453803
0.5675675672453803
0.5675675672453803
0.5675675672453803
0.5729729726507857
0.5729729726507857
0.5729729726507857
0.5783783780561911
0.5837837834615965
0.5837837834615965
0.5837837834615965
0.5837837823339411
0.5837837823339411
0.5837837823339411
0.5891891866116911
0.5891891866116911
0.5891891866116911
0.5891891866116911
0.5891891866116911
0.5891891866116911
0.5891891866116911
0.5891891866116911
0.5891891866116911
0.5837837812062856
0.5837837812062856
0.5837837812062856
0.5837837812062856
0.5837837812062856
0.5837837812062856
0.5783783758008803
0.5783783758008803
0.5783783758008803
0.5837837812062856
0.5837837812062856
0.5837837812062856
0.5837837812062856
0.5891891866116911
0.5891891866116911
0.5891891866116911
0.5891891866116911
0.5891891866116911
0.5891891866116911
0.5891891866116911
0.5945945920170964
0.5945945920170964
0.5945945920170964
0.5945945920170964
0.5891891866116911
0.5891891866116911
0.5891891866116911
0.5891891866116911
0.5891891866116911
0.5891891866116911
0.5891891866116911
0.5891891866116911
0.5837837812062856
0.5837837812062856
0.5837837812062856
0.5783783758008803
0.5783783758008803
0.5783783758008803
0.5783783758008803
0.5783783758008803
0.5783783758008803
0.5783783758008803
0.5783783758008803
0.5783783758008803
0.5783783758008803
