0.5675675685341294
0.5675675685341294
0.5675675685341294
0.5675675685341294
0.5945945984608418
0.6594594604260212
0.6594594604260212
0.6756756766422375
0.6648648687311121
0.6594594604260212
0.6594594633257067
0.6756756766422375
0.6648648658314267
0.6756756795419229
0.6810810849473283
0.6864864903527337
0.6648648687311121
0.6648648658314267
0.6756756795419229
0.6972973011635445
0.7081081119743553
0.6810810820476428
0.6756756795419229
0.6756756795419229
0.6864864903527337
0.6864864903527337
0.6864864903527337
0.6864864903527337
0.6864864903527337
0.6918918957581391
0.6810810849473283
0.6864864903527337
0.6810810849473283
0.6756756795419229
0.6756756795419229
0.6756756795419229
0.6918918957581391
0.6918918928584536
0.70270270656895
0.70270270656895
0.70270270656895
0.70270270656895
0.6918918957581391
0.6972973011635445
0.6972973011635445
0.6972973011635445
0.6972973011635445
0.6972973011635445
0.6972973011635445
0.6972973011635445
0.6972973011635445
0.6972973011635445
0.6972973011635445
0.6972973011635445
0.6972973011635445
0.6972973011635445
0.6972973011635445
0.6972973011635445
0.6972973011635445
0.6972973011635445
0.6972973011635445
0.6972973011635445
0.6972973011635445
0.6972973011635445
0.6972973011635445
0.6972973011635445
0.6972973011635445
0.6972973011635445
0.6972973011635445
0.6972973011635445
0.6972973011635445
0.6972973011635445
0.6972973011635445
0.6972973011635445
0.6972973011635445
0.6972973011635445
0.6972973011635445
0.6972973011635445
0.6972973011635445
0.6972973011635445
0.6972973011635445
0.6972973011635445
0.6972973011635445
0.6972973011635445
0.6972973011635445
0.6972973011635445
0.6972973011635445
0.6972973011635445
0.6972973011635445
0.6972973011635445
0.6972973011635445
0.6972973011635445
0.6972973011635445
0.6972973011635445
0.6972973011635445
0.6972973011635445
0.6972973011635445
0.6972973011635445
0.6864864903527337
0.6864864903527337
0.6864864903527337
