0.5027027046358263
0.5027027046358263
0.5837837870056565
0.6432432396991833
0.5729729732951603
0.5783783816002511
0.5729729761948457
0.5729729761948457
0.6054054086272781
0.594594592661471
0.5945945949167819
0.6162162142830926
0.6054054086272781
0.6162162194380889
0.6162162194380889
0.6108108140326834
0.6108108140326834
0.621621619688498
0.6378378388043996
0.6486486496152104
0.6486486496152104
0.643243244209805
0.6324324304993089
0.643243244209805
0.643243244209805
0.643243244209805
0.643243244209805
0.6486486496152104
0.6378378388043996
0.6378378417040851
0.6486486473598996
0.6486486473598996
0.6486486473598996
0.6378378365490888
0.6432432419544941
0.6324324311436833
0.6324324311436833
0.6216216203328725
0.6162162149274671
0.6162162149274671
0.6108108095220617
0.6108108095220617
0.6162162149274671
0.6162162149274671
0.6162162149274671
0.6162162149274671
0.6162162149274671
0.6162162149274671
0.6162162149274671
0.6216216203328725
0.6108108095220617
0.6108108095220617
0.6108108095220617
0.6000000038662472
0.6000000038662472
0.6000000038662472
0.5945945984608418
0.6000000038662472
0.6000000038662472
0.6000000038662472
0.5891891930554364
0.5945945984608418
0.5945945984608418
0.5945945984608418
0.5945945984608418
0.5945945984608418
0.5945945984608418
0.5945945984608418
0.5945945984608418
0.5945945984608418
0.5945945984608418
0.5945945984608418
0.6000000038662472
0.6000000038662472
0.6000000038662472
0.6000000038662472
0.6000000038662472
0.6054054092716527
0.6054054092716527
0.610810814677058
0.610810814677058
0.610810814677058
0.610810814677058
0.610810814677058
0.610810814677058
0.610810814677058
0.610810814677058
0.610810814677058
0.610810814677058
0.610810814677058
0.6054054092716527
0.6054054092716527
0.6054054092716527
0.6000000038662472
0.6000000038662472
0.6000000038662472
0.6000000038662472
0.6000000038662472
0.6000000038662472
0.6000000038662472
0.6000000038662472
