0.5243243275461971
0.5243243275461971
0.5243243275461971
0.5243243275461971
0.5243243275461971
0.5243243275461971
0.5405405437624132
0.5405405437624132
0.5135135143189817
0.5297297271522315
0.5405405379630424
0.5459459433684478
0.5351351336852924
0.5081081066582654
0.50270270125286
0.48648648729195465
0.47567567648114384
0.47567567648114384
0.48108108075889383
0.4756756753534884
0.48648648503664377
0.49189188931439376
0.5027027001252046
0.5027027001252046
0.5027027001252046
0.5027027001252046
0.5027027001252046
0.5027027001252046
0.5027027001252046
0.5081081066582654
0.5135135120636708
0.5189189163414207
0.5189189163414207
0.5189189163414207
0.5243243217468262
0.5243243217468262
0.5243243217468262
0.5243243217468262
0.5189189163414207
0.5243243217468262
0.5297297271522315
0.5297297271522315
0.5297297271522315
0.5297297271522315
0.5297297271522315
0.5297297271522315
0.5243243217468262
0.5243243246465116
0.5243243246465116
0.5243243246465116
0.5243243246465116
0.5243243246465116
0.5189189192411062
0.5189189192411062
0.5189189192411062
0.5189189192411062
0.5189189192411062
0.5189189192411062
0.5189189192411062
0.5189189192411062
0.5243243246465116
0.529729730051917
0.5351351354573224
0.5351351354573224
0.5351351354573224
0.5405405408627278
0.5351351336852924
0.5405405390906979
0.5405405390906979
0.5459459444961032
0.5459459444961032
0.5459459444961032
0.5459459444961032
0.5513513487738532
0.5513513487738532
0.5513513487738532
0.5513513487738532
0.5513513487738532
0.5513513487738532
0.5513513487738532
0.5513513487738532
0.5513513487738532
0.5513513487738532
0.5513513499015087
0.5513513499015087
0.5513513499015087
0.5513513499015087
0.5513513499015087
0.5513513499015087
0.5513513499015087
0.5513513499015087
0.5459459444961032
0.5405405390906979
0.5459459444961032
0.5513513487738532
0.5513513487738532
0.5513513487738532
0.5513513487738532
0.5513513487738532
0.556756757078944
0.556756757078944
