0.5027027017361408
0.5027027017361408
0.5081081071415463
0.5081081071415463
0.5081081071415463
0.5081081071415463
0.5081081071415463
0.5081081071415463
0.5081081071415463
0.5081081071415463
0.5675675683730358
0.6648648651870521
0.6756756788975483
0.6972972982638591
0.7027027036692645
0.7135135115803899
0.6810810820476428
0.6648648651870521
0.6486486471988059
0.6378378375156506
0.6324324321102451
0.6324324321102451
0.6378378375156506
0.6486486471988059
0.6486486471988059
0.6486486471988059
0.6486486460711505
0.6594594568819613
0.6648648622873667
0.6756756788975483
0.6810810791479575
0.6972972982638591
0.7081081090746699
0.7027027036692645
0.7027027036692645
0.7027027036692645
0.7027027036692645
0.6972972982638591
0.6972972982638591
0.7027027036692645
0.6972972982638591
0.7027027036692645
0.7027027036692645
0.6972972982638591
0.7081081090746699
0.7027027007695791
0.7027027007695791
0.6972972953641737
0.6972972953641737
0.6972972953641737
0.7027027007695791
0.6972972953641737
0.7027027007695791
0.7027027007695791
0.6972972953641737
0.6918918899587683
0.6918918899587683
0.6918918899587683
0.6972972982638591
0.6972972982638591
0.6972972982638591
0.6918918899587683
0.6918918899587683
0.6918918899587683
0.6918918899587683
0.6918918899587683
0.6918918899587683
0.6918918899587683
0.6918918899587683
0.6918918899587683
0.6918918899587683
0.6918918899587683
0.6918918899587683
0.6972972953641737
0.7027027007695791
0.7027027007695791
0.7027027007695791
0.7027027007695791
0.7027027007695791
0.7027027007695791
0.6972972953641737
0.7027027007695791
0.7027027007695791
0.7027027007695791
0.7027027007695791
0.6972972953641737
0.6972972953641737
0.6972972953641737
0.6972972953641737
0.7027027007695791
0.7027027007695791
0.7027027007695791
0.7027027007695791
0.7027027007695791
0.7027027007695791
0.7027027007695791
0.7027027007695791
0.7027027007695791
0.7027027007695791
0.7027027007695791
0.7027027007695791
