0.47027026930370847
0.47027026930370847
0.48648648729195465
0.48648648729195465
0.49189189269736006
0.48108108075889383
0.48648648729195465
0.49189189269736006
0.49189189269736006
0.48648648729195465
0.4756756753534884
0.4648648645426776
0.46486486341502214
0.48648648390898835
0.50270270302489
0.5135135109360154
0.5081081055306099
0.49189188931439376
0.48648648390898835
0.48648648390898835
0.49729729471979917
0.49189188931439376
0.49729729471979917
0.49189188931439376
0.49729729761948455
0.5081081084302954
0.5189189221407916
0.5135135167353863
0.5243243275461971
0.5297297329516024
0.5297297329516024
0.5351351383570079
0.5243243275461971
0.5351351383570079
0.5297297277966061
0.5243243223912007
0.5135135115803899
0.5351351361016969
0.5351351361016969
0.5243243252908861
0.5297297306962916
0.5405405415071024
0.5459459469125078
0.5405405415071024
0.5351351361016969
0.5459459469125078
0.5459459469125078
0.5459459469125078
0.5459459469125078
0.5513513523179132
0.5513513523179132
0.5459459440128224
0.5513513494182277
0.5405405386074169
0.5351351332020116
0.5243243223912007
0.5135135115803899
0.5135135115803899
0.5135135115803899
0.5135135115803899
0.5189189169857953
0.5135135115803899
0.5189189169857953
0.5243243223912007
0.5297297277966061
0.5243243223912007
0.5189189221407916
0.5189189169857953
0.5189189169857953
0.5189189169857953
0.5189189169857953
0.5081081061749845
0.5081081061749845
0.5135135115803899
0.5135135115803899
0.5081081061749845
0.5081081061749845
0.5081081061749845
0.5081081061749845
0.5135135144800753
0.5135135144800753
0.5189189198854808
0.5189189198854808
0.5189189198854808
0.5243243252908861
0.5243243252908861
0.5243243252908861
0.5243243252908861
0.5243243252908861
0.5243243252908861
0.5243243252908861
0.5135135115803899
0.5135135115803899
0.5081081061749845
0.5135135144800753
0.5135135144800753
0.5135135144800753
0.5135135144800753
0.5135135144800753
0.5135135144800753
0.5189189227851662
