0.5081081055306099
0.5243243228744816
0.535135132557637
0.535135132557637
0.4918918904420492
0.4972972958474546
0.48648648503664377
0.5135135109360154
0.5189189163414207
0.5135135138357008
0.50270270302489
0.5135135167353863
0.5135135138357008
0.5135135138357008
0.5081081084302954
0.5081081084302954
0.5081081084302954
0.5081081084302954
0.5081081084302954
0.5135135138357008
0.5135135138357008
0.5189189192411062
0.5135135138357008
0.5135135138357008
0.5243243246465116
0.529729730051917
0.529729730051917
0.5351351354573224
0.5459459462681332
0.5459459462681332
0.5459459462681332
0.5351351354573224
0.5405405408627278
0.5405405408627278
0.5405405408627278
0.5459459462681332
0.5459459462681332
0.5459459462681332
0.5459459462681332
0.5405405408627278
0.5405405408627278
0.5405405408627278
0.5405405408627278
0.5405405408627278
0.5405405408627278
0.5405405408627278
0.5405405408627278
0.5405405408627278
0.5405405408627278
0.5405405408627278
0.5405405408627278
0.5405405408627278
0.5405405408627278
0.5405405408627278
0.5405405408627278
0.5405405408627278
0.5405405408627278
0.5405405408627278
0.5405405408627278
0.5405405408627278
0.5405405408627278
0.5405405408627278
0.5405405408627278
0.5405405408627278
0.5405405408627278
0.5405405408627278
0.5405405408627278
0.5405405408627278
0.5405405408627278
0.5405405408627278
0.5405405408627278
0.5405405408627278
0.5405405408627278
0.5405405408627278
0.5405405408627278
0.5405405408627278
0.5405405408627278
0.5405405408627278
0.5405405408627278
0.5405405408627278
0.5405405408627278
0.5405405408627278
0.5405405408627278
0.5405405408627278
0.5405405408627278
0.5405405408627278
0.5405405408627278
0.5405405408627278
0.5459459462681332
0.5459459462681332
0.5459459462681332
0.5459459462681332
0.5459459462681332
0.5459459462681332
0.5459459462681332
0.5459459462681332
0.5405405408627278
0.5405405408627278
0.5405405408627278
0.5459459462681332
0.551351354573224
