0.5783783822446256
0.5783783822446256
0.578378378539472
0.5999999990334381
0.648648648970836
0.6486486483264614
0.605405405566499
0.5945945947556882
0.6216216217827153
0.5999999990334381
0.6054054044388436
0.6000000019331236
0.6000000019331236
0.6162162181493398
0.6108108127439345
0.5945945965277182
0.6000000019331236
0.6000000019331236
0.610810811616279
0.5891891899946574
0.5891891911223128
0.5783783774118165
0.5567567569178504
0.5567567569178504
0.551351351512445
0.551351351512445
0.551351351512445
0.5567567569178504
0.5621621623232558
0.5621621623232558
0.5675675666010057
0.5729729720064112
0.5675675666010057
0.5675675666010057
0.5621621611956004
0.5621621611956004
0.578378380311502
0.5837837857169074
0.5837837857169074
0.5945945965277182
0.5945945965277182
0.6000000019331236
0.610810811616279
0.610810811616279
0.610810811616279
0.610810811616279
0.610810811616279
0.610810811616279
0.605405407338529
0.6000000019331236
0.5945945965277182
0.5945945965277182
0.5945945965277182
0.5945945965277182
0.5945945965277182
0.5945945965277182
0.5945945965277182
0.5945945965277182
0.5945945965277182
0.5891891911223128
0.5891891911223128
0.5891891911223128
0.5837837857169074
0.5837837857169074
0.578378380311502
0.578378380311502
0.578378380311502
0.5837837857169074
0.5837837857169074
0.5837837857169074
0.578378380311502
0.578378380311502
0.578378380311502
0.578378380311502
0.578378380311502
0.578378380311502
0.578378380311502
0.5837837857169074
0.5837837857169074
0.5837837857169074
0.5837837857169074
0.5837837857169074
0.5837837857169074
0.5891891911223128
0.5891891911223128
0.5837837857169074
0.5837837857169074
0.5837837857169074
0.5837837857169074
0.5837837857169074
0.5837837857169074
0.5837837857169074
0.5837837857169074
0.5837837857169074
0.5837837857169074
0.5837837857169074
0.5837837857169074
0.5837837857169074
0.5837837857169074
0.5837837857169074
0.5837837857169074
