0.4540540548595222
0.4540540548595222
0.4540540548595222
0.4540540548595222
0.470270269948083
0.464864865670333
0.4594594602649276
0.464864865670333
0.464864865670333
0.464864865670333
0.4594594602649276
0.464864865670333
0.470270269948083
0.470270269948083
0.470270269948083
0.470270269948083
0.470270269948083
0.470270269948083
0.470270269948083
0.470270269948083
0.4756756753534884
0.48648648503664377
0.48108107963123836
0.48108107963123836
0.48108107963123836
0.48108107963123836
0.48108107963123836
0.48108107963123836
0.48108107963123836
0.4972972958474546
0.4972972958474546
0.4972972958474546
0.5027027001252046
0.5027027001252046
0.5135135167353863
0.5189189221407916
0.5243243275461971
0.5297297277966061
0.5243243223912007
0.5351351332020116
0.5405405386074169
0.5405405386074169
0.5405405386074169
0.5621621602290385
0.5621621602290385
0.5675675685341294
0.562162163128724
0.5567567577233186
0.5567567577233186
0.5513513523179132
0.5513513523179132
0.5513513523179132
0.5567567577233186
0.5459459469125078
0.5459459469125078
0.5513513523179132
0.5405405415071024
0.5405405415071024
0.5405405415071024
0.5405405415071024
0.5459459498121931
0.5567567583676931
0.5567567583676931
0.5621621637730985
0.5675675691785039
0.5783783799893147
0.5783783799893147
0.5783783799893147
0.5837837853947201
0.5783783799893147
0.5837837853947201
0.5891891908001256
0.5891891908001256
0.5891891908001256
0.5891891908001256
0.5891891908001256
0.5891891908001256
0.5945945962055309
0.5891891908001256
0.5891891908001256
0.5891891908001256
0.5891891908001256
0.5945945962055309
0.5945945962055309
0.5945945962055309
0.5945945962055309
0.5945945962055309
0.6000000016109364
0.6000000016109364
0.6000000016109364
0.6000000016109364
0.6000000016109364
0.6054054070163417
0.6054054070163417
0.6054054070163417
0.6054054070163417
0.6054054070163417
0.6054054070163417
0.6054054070163417
0.6054054070163417
0.6000000016109364
