0.4540540559871777
0.4594594602649276
0.4540540548595222
0.4432432406657451
0.5567567606230039
0.5081081113299808
0.47027027349214295
0.47027027349214295
0.47027027349214295
0.47567567889754836
0.46486486808673755
0.47027027349214295
0.47567567889754836
0.47567567889754836
0.47027027349214295
0.48648648970835917
0.5027027059245754
0.5135135167353863
0.5189189221407916
0.5135135115803899
0.5135135115803899
0.5081081061749845
0.49729729536417366
0.49189188995876826
0.5027027007695791
0.49729730051917
0.5027027007695791
0.5027027007695791
0.5027027007695791
0.5027027007695791
0.5027027007695791
0.5027027007695791
0.49729729536417366
0.49729729536417366
0.49729729536417366
0.49729729536417366
0.49729729536417366
0.49729729536417366
0.5027027007695791
0.5027027007695791
0.5027027007695791
0.5027027007695791
0.5027027007695791
0.5027027007695791
0.5027027007695791
0.49729729536417366
0.49729729536417366
0.49729729536417366
0.49729729536417366
0.49729729536417366
0.5027027007695791
0.5027027007695791
0.5027027007695791
0.5081081061749845
0.5189189198854808
0.5297297306962916
0.5351351361016969
0.5351351361016969
0.5405405415071024
0.5459459469125078
0.5459459469125078
0.5405405415071024
0.5405405415071024
0.5405405415071024
0.5405405415071024
0.5405405415071024
0.5405405415071024
0.5405405415071024
0.5405405415071024
0.5405405415071024
0.5405405415071024
0.5405405415071024
0.5405405415071024
0.5405405415071024
0.5459459469125078
0.5459459469125078
0.5459459469125078
0.5459459469125078
0.5459459469125078
0.5459459469125078
0.5459459469125078
0.5459459469125078
0.5459459469125078
0.5459459469125078
0.5459459469125078
0.5405405415071024
0.5405405415071024
0.5405405415071024
0.5405405415071024
0.5405405415071024
0.5405405415071024
0.5405405415071024
0.5405405415071024
0.5405405415071024
0.5405405415071024
0.5405405415071024
0.5405405415071024
0.5405405415071024
0.5405405415071024
0.5405405415071024
0.5405405415071024
