0.49189189221407914
0.5135135167353863
0.5351351332020116
0.5351351332020116
0.5189189169857953
0.5297297277966061
0.551351354573224
0.551351354573224
0.5513513494182277
0.5621621653840349
0.551351354573224
0.551351354573224
0.551351354573224
0.5459459491678187
0.5459459491678187
0.551351354573224
0.5567567599786295
0.567567565634444
0.5729729710398493
0.5729729710398493
0.5729729710398493
0.5783783764452548
0.5783783764452548
0.5837837818506602
0.5837837818506602
0.5837837818506602
0.5837837818506602
0.5891891872560656
0.5891891872560656
0.5891891872560656
0.5891891872560656
0.5891891872560656
0.5891891872560656
0.5891891872560656
0.5891891872560656
0.5891891872560656
0.5891891872560656
0.5891891872560656
0.5891891872560656
0.5891891872560656
0.5891891872560656
0.5837837818506602
0.5783783764452548
0.5783783764452548
0.5729729761948457
0.5729729761948457
0.5729729761948457
0.5729729761948457
0.5729729761948457
0.5729729761948457
0.5729729761948457
0.5729729761948457
0.5729729761948457
0.5729729761948457
0.5729729761948457
0.5729729761948457
0.5729729761948457
0.5729729761948457
0.5729729761948457
0.5729729761948457
0.5729729761948457
0.5729729761948457
0.5729729761948457
0.5729729761948457
0.5729729761948457
0.5729729761948457
0.5729729761948457
0.5729729761948457
0.5729729761948457
0.5729729761948457
0.5729729761948457
0.5729729761948457
0.5729729761948457
0.5729729761948457
0.5729729761948457
0.5729729761948457
0.5729729761948457
0.5729729761948457
0.5729729761948457
0.5729729761948457
0.5783783816002511
0.5783783816002511
0.5783783816002511
0.5891891872560656
0.5891891872560656
0.5891891872560656
0.5891891872560656
0.5837837818506602
0.5837837818506602
0.5837837818506602
0.5837837818506602
0.5837837818506602
0.5837837818506602
0.594594592661471
0.5999999980668764
0.5945945978164673
0.5945945978164673
0.5945945978164673
0.5945945978164673
0.5945945978164673
0.5945945978164673
