0.5189189221407916
0.5189189221407916
0.5189189221407916
0.5189189221407916
0.5189189221407916
0.5189189221407916
0.5189189221407916
0.5189189221407916
0.5189189221407916
0.5405405437624132
0.5783783816002511
0.5891891924110619
0.6054054063719672
0.6108108117773726
0.6162162142830926
0.621621619688498
0.621621619688498
0.6270270250939034
0.6270270250939034
0.6324324304993089
0.6594594604260212
0.6594594633257067
0.6648648658314267
0.6648648687311121
0.6648648687311121
0.6702702741365175
0.6594594633257067
0.6756756795419229
0.6702702741365175
0.6648648687311121
0.6702702741365175
0.6702702741365175
0.6756756795419229
0.6756756795419229
0.6756756795419229
0.6702702741365175
0.6702702741365175
0.6810810849473283
0.6756756795419229
0.6702702741365175
0.6702702741365175
0.6648648687311121
0.6648648687311121
0.6702702741365175
0.6702702741365175
0.6702702741365175
0.6702702741365175
0.6702702741365175
0.6702702741365175
0.6702702741365175
0.6702702741365175
0.6702702741365175
0.6702702741365175
0.6702702741365175
0.6756756795419229
0.6756756795419229
0.6756756795419229
0.6756756795419229
0.6756756795419229
0.6756756795419229
0.6756756795419229
0.6756756795419229
0.6756756795419229
0.6756756795419229
0.6756756795419229
0.6756756795419229
0.6756756795419229
0.6756756795419229
0.6810810849473283
0.6810810849473283
0.6756756795419229
0.6756756795419229
0.6756756795419229
0.6756756795419229
0.6702702741365175
0.6702702741365175
0.6702702741365175
0.6702702741365175
0.6702702741365175
0.6702702741365175
0.6702702741365175
0.6702702741365175
0.6702702741365175
0.6648648687311121
0.6648648687311121
0.6594594604260212
0.6594594604260212
0.6594594604260212
0.6594594604260212
0.6594594604260212
0.6594594604260212
0.6594594604260212
0.6594594604260212
0.6540540550206159
0.6540540550206159
0.6540540550206159
0.6594594604260212
0.6594594604260212
0.6594594604260212
0.6594594604260212
0.6594594604260212
