0.5459459467514142
0.4594594597816467
0.4540540514765559
0.4324324327546197
0.5027027001252046
0.46486486341502214
0.5459459491678187
0.5351351383570079
0.5459459462681332
0.5783783787005656
0.5783783787005656
0.5891891895113764
0.5837837841059711
0.5837837841059711
0.5837837841059711
0.6000000003221873
0.6054054028279072
0.6270270244495288
0.6054054028279072
0.6054054028279072
0.5945945920170964
0.616216213638718
0.6324324327546197
0.6432432435654305
0.6378378381600252
0.6270270244495288
0.6270270244495288
0.6216216190441235
0.616216213638718
0.6216216190441235
0.6216216190441235
0.6108108082333127
0.6108108082333127
0.6108108082333127
0.6216216190441235
0.6270270244495288
0.6270270244495288
0.6324324298549343
0.6324324298549343
0.6324324298549343
0.6324324298549343
0.6432432406657451
0.6486486460711505
0.6486486460711505
0.6486486460711505
0.6486486460711505
0.6486486460711505
0.6432432406657451
0.6378378352603397
0.6378378352603397
0.6270270244495288
0.6270270244495288
0.6270270244495288
0.6270270244495288
0.6270270244495288
0.6270270244495288
0.6324324298549343
0.6432432406657451
0.6324324298549343
0.6324324298549343
0.6324324298549343
0.6324324298549343
0.6324324298549343
0.6324324298549343
0.6324324298549343
0.6324324298549343
0.6324324298549343
0.6324324298549343
0.6324324298549343
0.6324324298549343
0.6324324298549343
0.6324324298549343
0.6324324298549343
0.6324324298549343
0.6324324298549343
0.6324324298549343
0.6324324298549343
0.6324324298549343
0.6324324298549343
0.6378378352603397
0.6378378352603397
0.6378378352603397
0.6378378352603397
0.6378378352603397
0.6432432406657451
0.6432432406657451
0.6432432406657451
0.6432432406657451
0.6432432406657451
0.6432432406657451
0.6432432406657451
0.6432432406657451
0.6432432406657451
0.6432432406657451
0.6432432406657451
0.6432432406657451
0.6432432406657451
0.6432432406657451
0.6432432406657451
0.6432432406657451
0.6432432406657451
