0.4540540559871777
0.45945945962055307
0.5351351361016969
0.5135135120636708
0.5297297277966061
0.5459459440128224
0.5297297329516024
0.5297297277966061
0.5621621602290385
0.5729729710398493
0.5837837818506602
0.5891891872560656
0.5783783816002511
0.5729729761948457
0.5783783816002511
0.5891891924110619
0.5837837841059711
0.5999999980668764
0.5945945978164673
0.5945945978164673
0.5945945978164673
0.6108108140326834
0.6216216248434943
0.6216216248434943
0.6216216248434943
0.6270270302488997
0.6270270302488997
0.6216216219438089
0.6216216219438089
0.6162162165384035
0.6108108082333127
0.6108108082333127
0.6108108111329981
0.6054054057275927
0.6054054057275927
0.6054054057275927
0.6000000003221873
0.6000000003221873
0.6000000003221873
0.6000000003221873
0.6000000003221873
0.6000000003221873
0.5945945949167819
0.5891891895113764
0.5891891895113764
0.5891891895113764
0.5891891895113764
0.5891891895113764
0.5837837841059711
0.5891891895113764
0.5945945949167819
0.6000000003221873
0.6000000003221873
0.6108108111329981
0.6054054057275927
0.6054054057275927
0.6054054057275927
0.6162162165384035
0.6162162165384035
0.6162162165384035
0.6108108111329981
0.6108108111329981
0.6216216219438089
0.6270270273492143
0.6324324327546197
0.6324324327546197
0.6324324327546197
0.6270270273492143
0.6270270273492143
0.6270270273492143
0.6216216219438089
0.6216216219438089
0.6216216219438089
0.6216216219438089
0.6216216219438089
0.6216216219438089
0.6216216219438089
0.6216216219438089
0.6216216219438089
0.6216216219438089
0.6216216219438089
0.6216216219438089
0.6216216219438089
0.6216216219438089
0.6216216219438089
0.6270270273492143
0.6270270273492143
0.6270270273492143
0.6216216219438089
0.6216216219438089
0.6216216219438089
0.6216216219438089
0.6216216219438089
0.6216216219438089
0.6216216219438089
0.6216216219438089
0.6216216219438089
0.6216216219438089
0.6216216219438089
0.6216216219438089
0.6216216219438089
