0.47027026882042755
0.48108107963123836
0.47567567309817754
0.46486486341502214
0.47027026769277214
0.47027026882042755
0.6054054057275927
0.6378378388043996
0.6324324333989942
0.621621619688498
0.621621619688498
0.643243244209805
0.6378378359047142
0.6216216248434943
0.643243244209805
0.6378378410597105
0.643243244209805
0.6270270302488997
0.6270270279935888
0.6378378417040851
0.621621619688498
0.621621619688498
0.6270270279935888
0.6162162142830926
0.6108108140326834
0.6054054086272781
0.6054054086272781
0.6162162194380889
0.621621619688498
0.6378378388043996
0.6270270250939034
0.6108108088776872
0.6162162142830926
0.6108108088776872
0.6162162142830926
0.6270270250939034
0.6324324304993089
0.6324324304993089
0.6378378388043996
0.6378378388043996
0.6378378388043996
0.6486486496152104
0.643243244209805
0.6378378359047142
0.643243244209805
0.6378378388043996
0.6378378388043996
0.6324324333989942
0.6270270250939034
0.6270270250939034
0.6270270250939034
0.6324324333989942
0.6324324333989942
0.6324324333989942
0.6324324333989942
0.6324324333989942
0.643243244209805
0.643243244209805
0.643243244209805
0.643243244209805
0.643243244209805
0.643243244209805
0.6378378388043996
0.6378378388043996
0.6378378388043996
0.6324324333989942
0.6378378388043996
0.6378378388043996
0.6378378388043996
0.6378378388043996
0.6378378388043996
0.6378378388043996
0.643243244209805
0.643243244209805
0.643243244209805
0.643243244209805
0.643243244209805
0.643243244209805
0.6378378388043996
0.6378378388043996
0.6378378388043996
0.6378378388043996
0.6378378388043996
0.6378378388043996
0.6378378388043996
0.6378378388043996
0.6378378388043996
0.6378378388043996
0.6378378388043996
0.643243244209805
0.643243244209805
0.643243244209805
0.643243244209805
0.643243244209805
0.643243244209805
0.643243244209805
0.6486486496152104
0.6486486496152104
0.6486486496152104
0.6486486496152104
0.643243244209805
