0.4378378375156506
0.556756757562225
0.5297297282798871
0.5567567586898804
0.5459459467514142
0.5459459467514142
0.556756757562225
0.5621621629676303
0.5513513521568195
0.5459459467514142
0.5405405413460087
0.5513513521568195
0.5459459456237586
0.5513513510291641
0.5621621607123195
0.5513513510291641
0.5513513510291641
0.5405405413460087
0.5459459467514142
0.5405405413460087
0.5405405413460087
0.5405405413460087
0.5405405413460087
0.5459459467514142
0.5621621629676303
0.5621621629676303
0.5621621629676303
0.5459459467514142
0.5459459467514142
0.5459459467514142
0.5513513510291641
0.5513513510291641
0.5513513510291641
0.5513513510291641
0.5513513510291641
0.5513513510291641
0.5513513510291641
0.5513513510291641
0.5513513510291641
0.5513513510291641
0.5513513510291641
0.5513513510291641
0.5513513510291641
0.5513513510291641
0.5567567564345695
0.5567567564345695
0.5567567564345695
0.5567567564345695
0.5567567564345695
0.5567567564345695
0.5567567564345695
0.5567567564345695
0.5567567564345695
0.5567567564345695
0.5567567564345695
0.5567567564345695
0.5513513521568195
0.5513513521568195
0.5513513521568195
0.5513513521568195
0.5513513521568195
0.5513513521568195
0.5459459467514142
0.5459459467514142
0.5459459467514142
0.5459459467514142
0.5459459467514142
0.5459459467514142
0.5459459467514142
0.5459459467514142
0.5459459467514142
0.5459459467514142
0.5459459467514142
0.5459459467514142
0.5459459467514142
0.5513513521568195
0.5513513521568195
0.5567567564345695
0.5567567564345695
0.5567567564345695
0.5567567564345695
0.5567567564345695
0.5567567564345695
0.5567567564345695
0.5567567564345695
0.5567567564345695
0.5567567564345695
0.5567567564345695
0.5567567564345695
0.5567567564345695
0.5567567564345695
0.5567567564345695
0.5567567564345695
0.5567567564345695
0.5567567564345695
0.5567567564345695
0.5567567564345695
0.5567567564345695
0.5567567564345695
0.5567567564345695
0.5567567564345695
