0.4918918951137646
0.48108108140326833
0.5081081066582654
0.5351351359406034
0.5351351348129478
0.556756755306914
0.5675675661177249
0.5837837812062856
0.5945945931447519
0.5621621607123195
0.562162159584664
0.562162159584664
0.5567567541792586
0.5783783758008803
0.5837837812062856
0.5837837812062856
0.5945945920170964
0.5999999974225019
0.5945945920170964
0.5945945920170964
0.6054054057275927
0.6054054057275927
0.6108108111329981
0.6270270273492143
0.6270270273492143
0.6270270273492143
0.6216216219438089
0.6216216219438089
0.6162162165384035
0.6324324356543051
0.6324324356543051
0.6270270302488997
0.6216216219438089
0.6162162165384035
0.616216213638718
0.616216213638718
0.6216216219438089
0.6270270273492143
0.6270270273492143
0.6324324356543051
0.6378378410597105
0.6378378410597105
0.6540540572759267
0.6594594626813322
0.6594594626813322
0.6540540572759267
0.6594594626813322
0.6540540572759267
0.6540540572759267
0.6594594626813322
0.6594594626813322
0.6594594626813322
0.6594594626813322
0.6540540572759267
0.6486486518705213
0.6486486518705213
0.6540540572759267
0.6540540572759267
0.6594594626813322
0.6594594626813322
0.6540540572759267
0.6540540572759267
0.6540540572759267
0.6540540572759267
0.6540540572759267
0.6540540572759267
0.6540540572759267
0.6540540572759267
0.6540540572759267
0.6540540572759267
0.6540540572759267
0.6540540572759267
0.6540540572759267
0.6486486518705213
0.6486486518705213
0.6486486518705213
0.6486486518705213
0.6486486518705213
0.6486486518705213
0.6486486518705213
0.6486486518705213
0.6486486518705213
0.6486486518705213
0.6486486518705213
0.6486486518705213
0.6486486518705213
0.6486486518705213
0.6486486518705213
0.6486486518705213
0.6486486518705213
0.6486486518705213
0.6486486518705213
0.6486486518705213
0.6486486518705213
0.6486486518705213
0.6432432464651159
0.6432432464651159
0.6432432464651159
0.6432432464651159
0.6432432464651159
0.6432432464651159
