0.5297297306962916
0.5297297277966061
0.5297297277966061
0.5405405408627278
0.5135135120636708
0.5135135131913262
0.556756755306914
0.556756757562225
0.5567567564345695
0.5675675672453803
0.5783783758008803
0.5621621618399749
0.5675675672453803
0.5675675661177249
0.5783783769285357
0.5621621607123195
0.5675675661177249
0.5675675661177249
0.5729729715231303
0.5675675661177249
0.5729729715231303
0.5837837812062856
0.5945945949167819
0.5945945978164673
0.6216216248434943
0.6270270250939034
0.6270270302488997
0.6270270302488997
0.6324324304993089
0.6270270250939034
0.6270270250939034
0.6270270250939034
0.6378378359047142
0.6378378359047142
0.6378378359047142
0.6324324304993089
0.6270270250939034
0.6324324304993089
0.6432432413101197
0.648648646715525
0.6432432413101197
0.6432432413101197
0.6378378359047142
0.6324324304993089
0.6324324304993089
0.621621619688498
0.621621619688498
0.621621619688498
0.621621619688498
0.621621619688498
0.6324324304993089
0.6324324304993089
0.6324324304993089
0.643243244209805
0.643243244209805
0.6378378388043996
0.6378378359047142
0.648648646715525
0.6540540521209305
0.648648646715525
0.6432432464651159
0.6432432464651159
0.6432432464651159
0.6378378410597105
0.6378378410597105
0.6378378410597105
0.6378378410597105
0.6378378410597105
0.6432432464651159
0.6432432464651159
0.6432432464651159
0.6432432435654305
0.6432432435654305
0.6432432435654305
0.6486486518705213
0.6432432435654305
0.6432432435654305
0.6378378381600252
0.6378378381600252
0.6378378381600252
0.6378378381600252
0.6378378381600252
0.6378378381600252
0.6378378381600252
0.6378378381600252
0.6378378381600252
0.6378378381600252
0.6378378381600252
0.6378378381600252
0.6324324327546197
0.6324324327546197
0.6324324327546197
0.6324324327546197
0.6378378381600252
0.6432432435654305
0.6432432435654305
0.6378378381600252
0.6378378381600252
0.6378378381600252
0.6378378381600252
0.6378378381600252
