0.48648648729195465
0.48648648729195465
0.48648648729195465
0.48648648729195465
0.48648648729195465
0.48648648729195465
0.48108108188654924
0.48108108188654924
0.4540540559871777
0.4594594613925831
0.45405405421514766
0.4648648650259585
0.4648648641399435
0.4648648641399435
0.4810810801145193
0.4864864855199247
0.4648648641399435
0.4918918920529855
0.4810810812421747
0.4702702704313639
0.4756756758367693
0.4756756758367693
0.4756756758367693
0.4648648650259585
0.4756756758367693
0.4702702704313639
0.47567567470911387
0.4864864855199247
0.4864864855199247
0.4810810801145193
0.4810810801145193
0.4918918909253301
0.4918918909253301
0.4918918909253301
0.4972972963307355
0.4972972963307355
0.4972972963307355
0.4972972963307355
0.4972972963307355
0.4972972963307355
0.5027027017361408
0.5027027017361408
0.4972972963307355
0.4972972963307355
0.4972972963307355
0.4918918909253301
0.4972972963307355
0.4918918909253301
0.4918918909253301
0.4918918909253301
0.4972972963307355
0.4972972963307355
0.5027027017361408
0.5027027017361408
0.5027027017361408
0.5027027017361408
0.5027027017361408
0.5027027017361408
0.5027027017361408
0.4972972963307355
0.4972972963307355
0.4918918909253301
0.4972972963307355
0.4972972963307355
0.4972972963307355
0.4972972963307355
0.4972972963307355
0.4972972963307355
0.4972972963307355
0.4972972963307355
0.4972972963307355
0.4972972963307355
0.4972972963307355
0.4972972963307355
0.4972972963307355
0.4972972963307355
0.4972972963307355
0.4972972963307355
0.4972972963307355
0.4972972963307355
0.4972972963307355
0.4972972963307355
0.4972972963307355
0.4972972963307355
0.4972972963307355
0.4972972963307355
0.4972972963307355
0.4972972963307355
0.5027027017361408
0.5027027017361408
0.5027027017361408
0.5027027017361408
0.5027027017361408
0.5027027017361408
0.5027027017361408
0.5027027017361408
0.5081081100412317
0.5081081100412317
0.5135135154466371
0.5189189197243871
0.5189189197243871
