0.47027027123683207
0.47027027123683207
0.47027027123683207
0.47027027123683207
0.47027027123683207
0.4864864903527337
0.5189189221407916
0.5297297271522315
0.5459459433684478
0.562162159584664
0.562162159584664
0.5675675678897548
0.5621621624843495
0.556756757078944
0.5459459491678187
0.5297297329516024
0.5351351332020116
0.5351351332020116
0.5405405437624132
0.5459459462681332
0.5675675678897548
0.5675675678897548
0.556756757078944
0.5351351354573224
0.5405405408627278
0.5405405408627278
0.5351351354573224
0.5351351354573224
0.5405405408627278
0.5459459462681332
0.5459459462681332
0.5621621653840349
0.5675675707894403
0.5783783816002511
0.5783783816002511
0.5729729761948457
0.5783783816002511
0.5837837870056565
0.5837837870056565
0.5837837870056565
0.5783783816002511
0.5783783816002511
0.5783783816002511
0.5783783816002511
0.5837837870056565
0.5837837870056565
0.5783783816002511
0.5783783816002511
0.5783783816002511
0.5729729761948457
0.5729729761948457
0.5729729761948457
0.5729729761948457
0.5729729761948457
0.5729729761948457
0.5783783816002511
0.5783783816002511
0.5783783816002511
0.5783783816002511
0.5783783816002511
0.5783783816002511
0.5783783816002511
0.5783783816002511
0.5783783816002511
0.5783783816002511
0.5783783816002511
0.5783783816002511
0.5783783816002511
0.5783783816002511
0.5783783816002511
0.5783783816002511
0.5783783816002511
0.5783783816002511
0.5729729761948457
0.5783783816002511
0.5837837870056565
0.5783783787005656
0.5729729732951603
0.5729729732951603
0.5729729732951603
0.5783783787005656
0.5837837841059711
0.5837837841059711
0.5837837841059711
0.5837837841059711
0.5837837841059711
0.5837837841059711
0.5837837841059711
0.5837837841059711
0.5891891895113764
0.5891891895113764
0.5945945949167819
0.5945945949167819
0.5945945949167819
0.5945945949167819
0.5945945949167819
0.5945945949167819
0.5945945949167819
0.5945945949167819
0.5945945949167819
0.5945945949167819
