0.5297297294075425
0.5243243228744816
0.5081081089135763
0.5567567599786295
0.5297297282798871
0.5297297282798871
0.5351351336852924
0.5297297282798871
0.5297297282798871
0.5297297282798871
0.5297297282798871
0.5405405379630424
0.5675675707894403
0.5837837841059711
0.6324324356543051
0.6432432435654305
0.6324324356543051
0.6378378410597105
0.6432432435654305
0.6540540543762413
0.648648648970836
0.6378378410597105
0.6486486518705213
0.648648648970836
0.6378378381600252
0.6378378381600252
0.6486486518705213
0.6378378410597105
0.648648646715525
0.6378378359047142
0.6162162142830926
0.6054054034722818
0.6054054034722818
0.6054054034722818
0.6108108088776872
0.6108108088776872
0.6162162142830926
0.5999999980668764
0.594594592661471
0.594594592661471
0.594594592661471
0.594594592661471
0.5999999980668764
0.6162162142830926
0.6162162142830926
0.6162162142830926
0.6162162142830926
0.6162162142830926
0.6162162142830926
0.6162162142830926
0.6162162142830926
0.6162162142830926
0.6162162142830926
0.6162162142830926
0.6054054034722818
0.6054054034722818
0.6054054034722818
0.6054054034722818
0.5999999980668764
0.5999999980668764
0.5999999980668764
0.594594592661471
0.594594592661471
0.594594592661471
0.594594592661471
0.594594592661471
0.594594592661471
0.594594592661471
0.5999999980668764
0.594594592661471
0.5999999980668764
0.5999999980668764
0.5999999980668764
0.5999999980668764
0.5999999980668764
0.5999999980668764
0.5999999980668764
0.594594592661471
0.594594592661471
0.594594592661471
0.594594592661471
0.594594592661471
0.594594592661471
0.594594592661471
0.594594592661471
0.594594592661471
0.594594592661471
0.5891891924110619
0.5891891924110619
0.5891891924110619
0.5891891924110619
0.5891891924110619
0.5891891924110619
0.5891891924110619
0.5891891924110619
0.5891891924110619
0.5891891924110619
0.5891891924110619
0.5891891924110619
0.5891891924110619
0.5891891924110619
