0.5189189208520425
0.47567567648114384
0.5027027017361408
0.45945946268133214
0.47567567374255204
0.49189188995876826
0.49189188995876826
0.48648648455336285
0.5081081113299808
0.5081081084302954
0.5189189192411062
0.5243243246465116
0.5351351383570079
0.5351351354573224
0.529729730051917
0.5297297329516024
0.529729730051917
0.5405405408627278
0.5459459462681332
0.551351354573224
0.5513513516735387
0.5621621653840349
0.5675675707894403
0.5567567599786295
0.5621621653840349
0.5675675707894403
0.5675675707894403
0.5837837870056565
0.5837837870056565
0.5945945955611563
0.5945945955611563
0.6000000009665618
0.610810814677058
0.6270270308932743
0.6324324362986796
0.6324324362986796
0.6378378417040851
0.6378378417040851
0.6378378417040851
0.6378378417040851
0.6378378417040851
0.6378378417040851
0.6486486473598996
0.6486486473598996
0.6486486473598996
0.6486486473598996
0.6486486473598996
0.6486486473598996
0.6486486473598996
0.6540540556649904
0.6486486473598996
0.6486486473598996
0.6486486473598996
0.6486486473598996
0.6486486473598996
0.6486486473598996
0.6486486473598996
0.6486486473598996
0.6486486473598996
0.6486486473598996
0.6486486473598996
0.6486486473598996
0.6486486473598996
0.6486486473598996
0.6486486473598996
0.6486486473598996
0.6486486473598996
0.6486486473598996
0.6486486473598996
0.6486486473598996
0.6486486473598996
0.6486486473598996
0.6486486473598996
0.6486486473598996
0.6486486473598996
0.6486486473598996
0.6486486473598996
0.6486486473598996
0.6486486473598996
0.6486486473598996
0.6486486473598996
0.6486486473598996
0.6486486473598996
0.6486486473598996
0.6486486473598996
0.6486486473598996
0.6486486473598996
0.6486486473598996
0.6486486473598996
0.6486486473598996
0.6486486473598996
0.6486486473598996
0.6486486473598996
0.6486486473598996
0.6486486473598996
0.6486486473598996
0.6486486473598996
0.6486486473598996
0.6486486473598996
0.6486486473598996
0.6486486473598996
