0.47027027349214295
0.470270269948083
0.5243243228744816
0.4648648645426776
0.470270269948083
0.5081081077859209
0.4972972958474546
0.48108107963123836
0.470270269948083
0.4972972958474546
0.47567567422583296
0.4756756753534884
0.4756756753534884
0.4756756753534884
0.4756756753534884
0.48108107963123836
0.48108107963123836
0.470270269948083
0.470270269948083
0.470270269948083
0.470270269948083
0.470270269948083
0.4756756753534884
0.470270269948083
0.4756756753534884
0.4756756753534884
0.4756756753534884
0.4756756753534884
0.4756756753534884
0.4756756753534884
0.48108107963123836
0.48648648503664377
0.48648648503664377
0.50270270125286
0.50270270125286
0.50270270125286
0.50270270125286
0.50270270125286
0.50270270125286
0.50270270125286
0.50270270125286
0.4972972958474546
0.50270270125286
0.50270270125286
0.50270270125286
0.50270270125286
0.50270270125286
0.50270270125286
0.50270270125286
0.50270270125286
0.50270270125286
0.50270270125286
0.50270270125286
0.50270270125286
0.50270270125286
0.4972972958474546
0.4972972958474546
0.4972972958474546
0.50270270125286
0.50270270125286
0.50270270125286
0.50270270125286
0.50270270125286
0.50270270125286
0.50270270125286
0.50270270125286
0.50270270125286
0.50270270125286
0.50270270125286
0.50270270125286
0.50270270125286
0.50270270125286
0.50270270125286
0.50270270125286
0.50270270125286
0.50270270125286
0.50270270125286
0.50270270125286
0.50270270125286
0.50270270125286
0.50270270125286
0.50270270125286
0.50270270125286
0.50270270125286
0.50270270125286
0.50270270125286
0.50270270125286
0.50270270125286
0.50270270125286
0.50270270125286
0.50270270125286
0.50270270125286
0.50270270125286
0.50270270125286
0.50270270125286
0.50270270125286
0.50270270125286
0.50270270125286
0.50270270125286
0.50270270125286
0.50270270125286
