0.556756757078944
0.49729729697511005
0.5189189174690763
0.5513513499015087
0.5189189185967317
0.5081081077859209
0.48108108075889383
0.4756756753534884
0.5135135131913262
0.524324324002137
0.5459459444961032
0.556756757078944
0.6054054057275927
0.6108108111329981
0.6108108111329981
0.5999999974225019
0.6054054057275927
0.6432432464651159
0.6756756766422375
0.6810810791479575
0.6972972982638591
0.70270270656895
0.70270270656895
0.6864864903527337
0.6918918957581391
0.6864864903527337
0.7081081119743553
0.7081081119743553
0.7081081119743553
0.6972973011635445
0.6918918957581391
0.6918918957581391
0.6918918957581391
0.6918918957581391
0.6972973011635445
0.70270270656895
0.70270270656895
0.70270270656895
0.70270270656895
0.6972973011635445
0.6972973011635445
0.6918918957581391
0.6918918928584536
0.6918918928584536
0.6972972982638591
0.6972972982638591
0.6864864845533629
0.6918918899587683
0.6918918899587683
0.6918918899587683
0.6864864845533629
0.6810810791479575
0.6810810791479575
0.6810810791479575
0.6864864845533629
0.6864864845533629
0.6864864845533629
0.6864864845533629
0.6864864845533629
0.6864864845533629
0.6864864845533629
0.6864864845533629
0.6864864845533629
0.6864864845533629
0.6864864845533629
0.6864864845533629
0.6864864845533629
0.6864864845533629
0.6864864845533629
0.6918918899587683
0.6918918899587683
0.6972972953641737
0.6972972953641737
0.6972972953641737
0.6972972953641737
0.6972972953641737
0.6972972953641737
0.7027027007695791
0.7027027007695791
0.7027027007695791
0.7027027007695791
0.7027027007695791
0.7027027007695791
0.7027027007695791
0.7027027007695791
0.7027027007695791
0.6972972953641737
0.6972972953641737
0.6972972953641737
0.6972972953641737
0.7027027007695791
0.7027027007695791
0.7027027007695791
0.7027027007695791
0.7027027007695791
0.7027027007695791
0.7027027007695791
0.7027027007695791
0.7027027007695791
0.7027027007695791
0.7027027007695791
