0.5243243259352607
0.4648648687311121
0.5189189176301698
0.5297297305351979
0.5459459462681332
0.5513513516735387
0.5405405408627278
0.5513513516735387
0.5783783764452548
0.5783783816002511
0.567567565634444
0.5783783822446256
0.5729729768392202
0.583783787650031
0.5621621660284094
0.5513513552175986
0.5351351338463861
0.5351351338463861
0.5513513552175986
0.5621621660284094
0.5729729768392202
0.5783783822446256
0.5945945984608418
0.6000000038662472
0.5945945984608418
0.5945945984608418
0.5945945984608418
0.5945945984608418
0.5945945984608418
0.5945945984608418
0.589189190155751
0.589189190155751
0.589189190155751
0.6054054063719672
0.6108108117773726
0.6108108117773726
0.6216216254878688
0.6162162200824635
0.6162162200824635
0.6162162200824635
0.6216216254878688
0.6216216254878688
0.6216216254878688
0.6162162200824635
0.610810814677058
0.6000000009665618
0.6000000009665618
0.6000000009665618
0.6054054092716527
0.6054054092716527
0.6000000038662472
0.6000000038662472
0.6000000038662472
0.6000000038662472
0.6000000038662472
0.6000000038662472
0.6054054092716527
0.6054054092716527
0.6000000009665618
0.6000000009665618
0.6000000009665618
0.6000000009665618
0.6000000009665618
0.6054054063719672
0.6054054063719672
0.6000000009665618
0.6000000009665618
0.6054054063719672
0.6054054063719672
0.6054054063719672
0.6054054063719672
0.6054054063719672
0.6054054063719672
0.6054054063719672
0.6000000009665618
0.6054054063719672
0.6054054063719672
0.6054054063719672
0.6054054063719672
0.6054054063719672
0.6108108117773726
0.6108108117773726
0.6108108117773726
0.6108108117773726
0.6108108117773726
0.6108108117773726
0.6108108117773726
0.616216217182778
0.616216217182778
0.616216217182778
0.616216217182778
0.616216217182778
0.616216217182778
0.616216217182778
0.616216217182778
0.616216217182778
0.616216217182778
0.6108108117773726
0.6108108117773726
0.6108108117773726
0.6108108117773726
