0.535135132557637
0.5459459433684478
0.551351354573224
0.5837837812062856
0.5891891895113764
0.5837837841059711
0.6540540514765559
0.6648648680867375
0.6540540572759267
0.648648648970836
0.5945945920170964
0.5891891866116911
0.5945945920170964
0.6000000003221873
0.5945945949167819
0.6108108111329981
0.6378378359047142
0.6432432413101197
0.6432432413101197
0.6432432413101197
0.6594594575263358
0.648648646715525
0.6540540550206159
0.6540540550206159
0.6540540550206159
0.6594594604260212
0.6594594604260212
0.6594594575263358
0.6702702683371466
0.6702702683371466
0.6756756737425521
0.6756756737425521
0.6702702683371466
0.6756756737425521
0.6756756737425521
0.6702702683371466
0.6540540521209305
0.6540540521209305
0.6540540521209305
0.6594594575263358
0.6594594575263358
0.6594594575263358
0.6594594575263358
0.6594594575263358
0.6594594575263358
0.6594594575263358
0.6594594575263358
0.6594594575263358
0.6594594604260212
0.6648648658314267
0.6594594575263358
0.6594594575263358
0.6540540521209305
0.6540540521209305
0.6594594575263358
0.6594594575263358
0.6594594575263358
0.6702702683371466
0.6648648629317413
0.6648648629317413
0.6648648629317413
0.6648648629317413
0.6648648629317413
0.6648648629317413
0.6648648629317413
0.6648648629317413
0.6648648629317413
0.6756756737425521
0.6756756737425521
0.6756756737425521
0.6702702683371466
0.6702702683371466
0.6648648629317413
0.6648648629317413
0.670270271236832
0.670270271236832
0.6648648658314267
0.6648648658314267
0.6648648658314267
0.6648648658314267
0.6594594604260212
0.6594594604260212
0.6594594604260212
0.6594594604260212
0.6594594604260212
0.6594594604260212
0.6594594604260212
0.6594594604260212
0.6594594604260212
0.6594594604260212
0.6594594604260212
0.6594594604260212
0.6594594604260212
0.6594594604260212
0.6594594604260212
0.6594594604260212
0.6594594604260212
0.6540540521209305
0.6540540521209305
0.6540540521209305
0.6540540521209305
