0.5567567541792586
0.5567567541792586
0.5405405390906979
0.5135135167353863
0.5621621653840349
0.5675675707894403
0.5621621653840349
0.5621621602290385
0.5567567577233186
0.5621621660284094
0.5567567577233186
0.5729729710398493
0.567567565634444
0.5675675662788184
0.5459459446571969
0.5513513529622877
0.5567567554680077
0.5567567606230039
0.5513513552175986
0.5513513552175986
0.5405405415071024
0.5405405415071024
0.5567567577233186
0.5513513523179132
0.5351351361016969
0.5189189169857953
0.5081081061749845
0.49729729536417366
0.48648648455336285
0.49189188995876826
0.48648648970835917
0.49729730051917
0.49729730051917
0.49729730051917
0.49729730051917
0.49729730051917
0.49189188995876826
0.48648648455336285
0.48648648455336285
0.48648648455336285
0.49189188995876826
0.49189188995876826
0.49189188995876826
0.5027027007695791
0.5081081061749845
0.5189189169857953
0.5189189169857953
0.5243243223912007
0.5297297277966061
0.5243243223912007
0.5405405415071024
0.562162163128724
0.5783783793449402
0.5837837847503455
0.589189190155751
0.5945945955611563
0.5945945955611563
0.5783783793449402
0.5783783793449402
0.5837837847503455
0.5837837847503455
0.5783783793449402
0.5837837847503455
0.5783783793449402
0.5783783793449402
0.589189190155751
0.589189190155751
0.589189190155751
0.5945945984608418
0.5891891930554364
0.5891891930554364
0.5945945984608418
0.5945945933058455
0.5891891879004401
0.5891891879004401
0.5891891879004401
0.5891891879004401
0.5891891879004401
0.5891891879004401
0.5891891879004401
0.5891891879004401
0.5891891879004401
0.5891891879004401
0.583783787650031
0.5891891930554364
0.5891891930554364
0.5945945984608418
0.5945945984608418
0.5945945984608418
0.5945945984608418
0.5945945984608418
0.5945945984608418
0.5945945984608418
0.5945945984608418
0.5945945984608418
0.5945945984608418
0.5945945984608418
0.5945945984608418
0.5945945984608418
0.5945945984608418
0.5945945984608418
