0.5459459456237586
0.5459459456237586
0.5459459456237586
0.5459459456237586
0.5189189185967317
0.5027027035081709
0.470270269948083
0.46486486228736673
0.4918918904420492
0.5027027001252046
0.49729729471979917
0.48108107850358295
0.48648648680867373
0.49189189221407914
0.50270270302489
0.48648648680867373
0.49729729761948455
0.4756756759978629
0.48108107850358295
0.5081081055306099
0.5135135109360154
0.5081081055306099
0.5027027001252046
0.49729729471979917
0.49729729471979917
0.49729729471979917
0.49189188931439376
0.49729729471979917
0.49729729471979917
0.49729729761948455
0.49729729761948455
0.50270270302489
0.50270270302489
0.49729729761948455
0.50270270302489
0.50270270302489
0.49729729761948455
0.49189189221407914
0.48648648390898835
0.49729729761948455
0.5081081113299808
0.5081081113299808
0.5081081113299808
0.5081081113299808
0.5027027059245754
0.5027027059245754
0.5027027059245754
0.5027027059245754
0.5189189221407916
0.5243243246465116
0.5243243246465116
0.5243243246465116
0.5243243246465116
0.5243243246465116
0.5243243246465116
0.5297297329516024
0.5243243275461971
0.5243243275461971
0.5243243275461971
0.5243243275461971
0.5243243275461971
0.5243243275461971
0.5189189221407916
0.5189189221407916
0.5189189221407916
0.5243243275461971
0.5243243275461971
0.5243243275461971
0.5243243275461971
0.5243243275461971
0.5243243275461971
0.5297297329516024
0.5243243275461971
0.5243243275461971
0.5243243275461971
0.5243243275461971
0.5189189221407916
0.5189189221407916
0.5189189221407916
0.5243243275461971
0.5243243275461971
0.5243243275461971
0.5243243275461971
0.5243243275461971
0.5243243275461971
0.5243243275461971
0.5243243275461971
0.5243243275461971
0.5243243275461971
0.5243243275461971
0.5243243275461971
0.5243243275461971
0.5243243275461971
0.5243243275461971
0.5243243275461971
0.5243243275461971
0.5189189221407916
0.5189189221407916
0.5135135167353863
0.5135135167353863
0.5189189221407916
