0.5297297271522315
0.5297297271522315
0.5513513487738532
0.5891891924110619
0.5891891872560656
0.562162159584664
0.5891891924110619
0.594594592661471
0.6486486496152104
0.6540540550206159
0.6324324333989942
0.6540540550206159
0.6594594604260212
0.6594594604260212
0.6702702741365175
0.6756756795419229
0.6486486496152104
0.6486486496152104
0.6486486496152104
0.6378378359047142
0.6756756737425521
0.6864864903527337
0.6864864903527337
0.6864864903527337
0.6972973011635445
0.6756756737425521
0.6648648629317413
0.6432432413101197
0.6486486496152104
0.6594594633257067
0.6648648687311121
0.6702702741365175
0.6756756795419229
0.6756756795419229
0.6756756766422375
0.6540540550206159
0.648648646715525
0.6378378410597105
0.6378378410597105
0.6108108140326834
0.6162162194380889
0.6054054086272781
0.6054054086272781
0.6054054086272781
0.6054054086272781
0.6054054086272781
0.6054054086272781
0.6108108140326834
0.6108108140326834
0.6270270302488997
0.6324324356543051
0.6378378410597105
0.6378378410597105
0.6378378410597105
0.6378378410597105
0.6378378410597105
0.6324324356543051
0.6378378410597105
0.6378378410597105
0.6432432464651159
0.6432432464651159
0.6432432464651159
0.6432432464651159
0.6432432464651159
0.6432432464651159
0.6432432464651159
0.6432432464651159
0.6432432464651159
0.6432432464651159
0.6432432464651159
0.6378378410597105
0.6270270302488997
0.6270270302488997
0.6270270302488997
0.6270270302488997
0.6108108140326834
0.6108108140326834
0.6162162194380889
0.6054054086272781
0.6054054086272781
0.6054054086272781
0.6054054086272781
0.6054054086272781
0.6054054086272781
0.6054054086272781
0.6054054086272781
0.6054054086272781
0.6054054086272781
0.6054054086272781
0.6054054086272781
0.6054054086272781
0.6054054086272781
0.6054054086272781
0.6054054086272781
0.6054054086272781
0.6054054086272781
0.6054054086272781
0.6054054086272781
0.6108108140326834
0.6216216248434943
0.6216216248434943
